13190 13293 0
13113 13385 0
13004 13508 0
12863 13665 0
12697 13843 0
12697 13843 1
12609 13935 551
12552 14000 1200
12525 14042 1838
12514 14074 1826
12486 14116 1792
12443 14169 1762
12387 14226 1750
12317 14287 1758
12238 14347 1764
12149 14406 1772
12044 14461 1780
11930 14511 1777
11806 14554 1770
11669 14589 1746
11525 14616 1714
11375 14630 1678
11221 14631 1632
11068 14616 1590
10913 14585 1537
10755 14538 1469
10588 14476 1396
10413 14400 1322
10232 14309 1259
10047 14208 1188
9860 14094 1102
9671 13967 1018
9483 13832 929
9303 13686 869
9137 13538 881
8997 13395 947
8888 13258 1057
8806 13130 1195
8749 13009 1318
8708 12888 1401
8674 12764 1460
8646 12636 1498
8623 12503 1522
8607 12366 1542
8597 12224 1575
8597 12080 1608
8607 11928 1637
8627 11773 1676
8661 11617 1697
8708 11458 1707
8768 11300 1718
8839 11139 1715
8917 10974 1707
9000 10809 1703
9087 10648 1687
9183 10487 1685
9276 10334 1682
9372 10188 1690
9468 10049 1719
9559 9925 1747
9651 9815 1783
9740 9718 1809
9826 9637 1828
9911 9567 1838
9997 9508 1849
10085 9462 1864
10178 9428 1874
10276 9406 1879
10379 9399 1873
10488 9403 1865
10602 9421 1854
10723 9451 1843
10847 9495 1833
10977 9551 1824
11111 9620 1814
11248 9704 1805
11387 9801 1802
11523 9914 1790
11661 10040 1766
11802 10181 1738
11940 10336 1710
12075 10506 1695
12202 10688 1700
12311 10875 1714
12407 11068 1731
12488 11261 1747
12553 11457 1762
12600 11658 1778
12631 11861 1789
12650 12066 1796
12657 12274 1803
12648 12482 1808
12625 12687 1814
12580 12893 1817
12516 13092 1815
12439 13288 1815
12341 13481 1818
12229 13668 1822
12102 13847 1829
11958 14018 1832
11801 14179 1828
11635 14327 1829
11459 14467 1820
11274 14593 1805
11085 14707 1785
10889 14804 1762
10688 14881 1745
10483 14938 1731
10274 14970 1731
10063 14981 1723
9852 14973 1721
9643 14946 1726
9441 14899 1733
9245 14835 1757
9057 14755 1778
8876 14661 1798
8700 14552 1810
8526 14424 1809
8359 14281 1808
8198 14119 1808
8048 13945 1804
7910 13757 1801
7787 13558 1802
7682 13349 1803
7591 13130 1808
7516 12903 1805
7453 12670 1803
7402 12429 1794
7366 12185 1786
7345 11934 1783
7339 11674 1776
7349 11406 1766
7374 11126 1751
7420 10840 1730
7483 10548 1703
7559 10251 1670
7649 9959 1649
7749 9670 1632
7858 9390 1634
7973 9130 1667
8090 8889 1708
8207 8673 1762
8325 8487 1806
8447 8325 1836
8582 8189 1858
8730 8080 1870
8895 7996 1873
9086 7938 1870
9305 7905 1859
9550 7895 1842
9821 7911 1830
10113 7951 1799
10414 8019 1769
10717 8114 1745
11012 8231 1718
11287 8368 1719
11534 8519 1733
11758 8683 1748
11958 8861 1769
12145 9054 1783
12325 9257 1786
12500 9470 1788
12667 9690 1794
12818 9916 1800
12955 10148 1810
13075 10387 1822
13175 10632 1830
13259 10884 1839
13323 11144 1847
13371 11413 1859
13401 11690 1866
13414 11970 1873
13404 12250 1872
13369 12521 1862
13307 12776 1848
13216 13010 1836
13098 13221 1825
12951 13410 1808
12774 13577 1797
12569 13721 1788
12335 13843 1772
12074 13943 1731
11793 14023 1700
11496 14082 1656
11188 14120 1628
10879 14137 1652
10569 14133 1686
10269 14107 1747
9985 14066 1814
9716 14009 1875
9461 13939 1920
9212 13859 1953
8969 13766 1968
8735 13662 1973
8514 13545 1967
8316 13419 1948
8137 13284 1928
7980 13136 1899
7849 12979 1879
7741 12803 1857
7660 12610 1844
7604 12399 1839
7569 12165 1831
7551 11909 1830
7548 11626 1826
7560 11316 1822
7585 10983 1811
7629 10631 1801
7689 10261 1793
7764 9884 1785
7859 9499 1791
7966 9119 1785
8088 8751 1790
8222 8399 1789
8365 8072 1790
8516 7771 1801
8671 7502 1808
8830 7267 1825
8986 7062 1845
9139 6888 1872
9282 6745 1901
9422 6624 1932
9564 6528 1961
9712 6451 1979
9875 6390 2000
10054 6349 2010
10260 6324 2009
10492 6317 2022
10748 6332 2020
11031 6369 2015
11327 6432 2014
11637 6520 2005
11961 6630 2000
12287 6766 1998
12611 6922 1995
12929 7095 1990
13227 7286 1982
13504 7488 1974
13760 7697 1970
13987 7913 1968
14192 8130 1970
14379 8348 1972
14542 8567 1969
14687 8787 1968
14815 9008 1969
14924 9229 1972
15016 9453 1978
15088 9674 1985
15139 9892 1992
15171 10104 1997
15182 10310 1997
15177 10513 1995
15151 10706 1990
15100 10892 1982
15025 11072 1970
14920 11238 1954
14785 11392 1929
14620 11530 1903
14418 11649 1866
14182 11746 1803
13908 11819 1714
13594 11863 1551
13244 11871 1255
12859 11844 878
12452 11784 526
12039 11699 261
11635 11595 284
11258 11472 599
10920 11335 1009
10612 11194 1440
10338 11045 1751
10088 10891 1905
9865 10734 1983
9670 10562 2034
9506 10383 2047
9374 10193 2047
9272 9988 2047
9201 9769 2047
9161 9528 2047
9153 9268 2046
9181 8988 2037
9243 8691 2034
9330 8380 2028
9446 8059 2022
9584 7725 2014
9743 7392 2002
9925 7060 1995
10118 6735 1980
10326 6434 1971
10543 6153 1965
10765 5901 1956
10992 5688 1956
11218 5511 1950
11443 5377 1949
11664 5288 1950
11880 5243 1955
12091 5239 1964
12297 5276 1968
12503 5356 1974
12708 5478 1981
12917 5642 1995
13135 5844 2009
13362 6088 2019
13602 6380 2029
13855 6725 2032
14122 7129 2018
14401 7595 1974
14696 8135 1779
15006 8735 1078
15319 9394 0
15623 10067 0
15907 10702 0
16158 11271 0
16384 11736 0
16587 12100 0
16761 12378 0
16911 12587 0
17035 12745 0
17131 12867 0
17201 12953 0
17245 13006 0
17266 13035 0
17272 13045 0
17272 13045 0
17272 13045 0
17272 13045 0
9465 14882 0
9465 14882 1970
9465 14905 1970
9465 14935 1969
9464 14970 1969
9462 15015 1969
9460 15038 1968
9457 15056 1968
9454 15073 1967
9448 15083 1965
9437 15094 1963
9423 15101 1958
9405 15102 1952
9382 15092 1947
9349 15064 1934
9307 15019 1909
9254 14951 1881
9187 14859 1848
9110 14748 1820
9019 14616 1791
8913 14468 1760
8796 14313 1733
8664 14152 1709
8522 13986 1700
8373 13816 1694
8218 13640 1691
8061 13463 1690
7903 13289 1684
7745 13120 1681
7590 12964 1676
7443 12822 1671
7304 12700 1669
7178 12601 1668
7060 12527 1665
6950 12475 1664
6850 12445 1664
6755 12434 1663
6666 12437 1664
6583 12451 1664
6506 12474 1664
6432 12502 1664
6368 12536 1665
6307 12578 1666
6255 12628 1668
6214 12689 1671
6182 12765 1672
6167 12856 1673
6166 12967 1673
6185 13097 1674
6225 13247 1679
6284 13422 1688
6363 13618 1707
6461 13835 1732
6577 14074 1758
6708 14328 1784
6856 14599 1804
7011 14887 1821
7169 15187 1837
7330 15495 1851
7489 15802 1859
7647 16099 1871
7806 16377 1885
7955 16633 1899
8095 16860 1918
8229 17058 1930
8354 17230 1939
8475 17374 1947
8593 17493 1955
8704 17592 1962
8811 17670 1967
8910 17733 1971
9003 17784 1971
9088 17820 1972
9168 17847 1972
9242 17863 1972
9310 17869 1969
9370 17865 1966
9422 17851 1960
9468 17824 1951
9505 17784 1937
9536 17729 1917
9559 17658 1894
9573 17568 1868
9579 17457 1849
9570 17323 1822
9549 17165 1805
9511 16990 1807
9458 16797 1818
9390 16588 1845
9307 16364 1875
9211 16131 1897
9102 15888 1914
8980 15640 1928
8848 15398 1939
8708 15161 1949
8560 14936 1956
8414 14726 1961
8275 14530 1965
8139 14355 1966
8017 14208 1967
7905 14091 1962
7807 14003 1957
7725 13941 1952
7657 13902 1946
7603 13886 1945
7562 13892 1943
7531 13919 1941
7509 13965 1939
7500 14027 1939
7499 14109 1938
7510 14212 1938
7535 14337 1938
7570 14486 1939
7619 14660 1940
7681 14856 1942
7753 15073 1953
7840 15314 1962
7938 15574 1972
8044 15854 1981
8157 16156 1982
8281 16475 1984
8410 16807 1985
8547 17153 1991
8693 17510 1997
8837 17877 2003
8980 18250 2008
9123 18623 2009
9259 18991 2006
9390 19350 2007
9518 19693 2008
9637 20018 2010
9749 20316 2017
9854 20588 2023
9953 20828 2029
10046 21037 2035
10136 21213 2044
10223 21353 2047
10305 21461 2047
10382 21535 2047
10456 21579 2043
10526 21595 2021
10591 21588 1993
10650 21559 1962
10701 21505 1928
10748 21425 1884
10789 21320 1837
10827 21188 1792
10860 21034 1746
10888 20860 1716
10905 20663 1698
10912 20449 1682
10904 20215 1673
10880 19963 1675
10844 19701 1678
10792 19422 1687
10725 19130 1702
10644 18832 1717
10547 18524 1736
10434 18210 1754
10306 17902 1780
10167 17596 1805
10017 17297 1828
9863 17013 1849
9702 16741 1865
9533 16486 1876
9357 16253 1883
9178 16046 1889
9000 15869 1894
8824 15729 1897
8659 15627 1901
8500 15562 1904
8355 15529 1904
8226 15525 1907
8111 15548 1909
8011 15593 1912
7920 15660 1907
7839 15743 1902
7767 15839 1896
7704 15950 1890
7656 16077 1896
7616 16222 1905
7589 16383 1918
7575 16556 1937
7569 16738 1954
7577 16935 1976
7594 17143 1992
7619 17366 2006
7654 17603 2018
7696 17852 2025
7747 18112 2039
7806 18384 2047
7870 18665 2047
7941 18950 2047
8011 19235 2047
8081 19521 2047
8155 19805 2047
8231 20083 2047
8310 20356 2047
8395 20617 2047
8481 20868 2047
8569 21109 2047
8665 21339 2047
8762 21559 2047
8863 21771 2047
8963 21975 2046
9056 22174 2039
9150 22363 2038
9244 22544 2038
9336 22714 2037
9429 22871 2042
9520 23017 2038
9609 23148 2035
9698 23264 2030
9788 23360 2023
9875 23437 2016
9961 23493 2006
10048 23528 1987
10137 23542 1964
10228 23534 1939
10324 23501 1906
10420 23442 1882
10517 23353 1856
10611 23232 1836
10699 23080 1824
10776 22899 1818
10843 22694 1821
10900 22464 1824
10947 22215 1827
10984 21952 1830
11006 21672 1831
11016 21387 1836
11012 21096 1840
10991 20799 1845
10960 20504 1852
10916 20205 1857
10860 19907 1863
10795 19614 1871
10717 19325 1877
10626 19042 1885
10525 18769 1892
10414 18502 1896
10292 18238 1898
10165 17986 1900
10033 17743 1902
9896 17513 1906
9760 17299 1916
9619 17098 1925
9479 16916 1931
9340 16750 1939
9206 16603 1943
9076 16479 1945
8953 16375 1948
8835 16294 1945
8723 16238 1941
8621 16201 1938
8525 16184 1934
8437 16185 1935
8356 16205 1936
8282 16243 1939
8214 16297 1942
8153 16365 1947
8095 16448 1954
8041 16542 1966
7992 16649 1977
7946 16768 1990
7905 16895 2000
7868 17035 1998
7837 17183 1997
7810 17342 1993
7791 17511 1989
7774 17692 1992
7763 17887 1997
7759 18095 1999
7759 18319 2001
7768 18556 2002
7781 18807 2000
7800 19070 2004
7826 19345 2009
7856 19632 2007
7891 19930 2000
7931 20235 1983
7977 20542 1961
8027 20848 1941
8081 21150 1927
8138 21446 1913
8200 21736 1899
8265 22020 1883
8336 22297 1867
8411 22565 1861
8489 22823 1860
8572 23069 1858
8662 23298 1864
8760 23510 1866
8864 23703 1863
8972 23876 1870
9081 24034 1870
9195 24175 1867
9312 24297 1872
9434 24403 1869
9559 24492 1864
9685 24564 1862
9812 24620 1856
9942 24657 1854
10076 24676 1854
10213 24679 1849
10356 24667 1847
10499 24640 1845
10639 24597 1843
10775 24539 1842
10907 24467 1841
11034 24383 1839
11158 24287 1835
11282 24175 1830
11399 24047 1830
11510 23903 1827
11614 23743 1818
11709 23572 1808
11798 23385 1796
11880 23184 1784
11955 22970 1785
12022 22745 1789
12079 22507 1791
12127 22260 1796
12164 22005 1801
12188 21734 1800
12203 21458 1797
12208 21170 1790
12201 20869 1784
12182 20563 1783
12148 20250 1785
12098 19931 1790
12032 19614 1795
11951 19296 1797
11857 18978 1795
11751 18667 1799
11633 18363 1803
11505 18067 1812
11369 17784 1825
11225 17512 1833
11073 17250 1841
10918 17005 1846
10758 16771 1854
10595 16554 1864
10431 16354 1879
10263 16172 1894
10097 16012 1907
9937 15873 1916
9783 15755 1923
9635 15661 1927
9489 15590 1931
9347 15540 1934
9210 15511 1936
9080 15499 1938
8956 15506 1941
8836 15528 1941
8716 15567 1939
8601 15619 1938
8484 15681 1936
8371 15754 1937
8265 15833 1940
8159 15923 1942
8057 16021 1944
7955 16128 1941
7852 16245 1939
7753 16371 1941
7657 16508 1948
7563 16655 1960
7478 16810 1973
7398 16977 1983
7326 17153 1989
7264 17339 1997
7207 17538 2003
7158 17744 2009
7115 17961 2014
7078 18187 2019
7048 18417 2023
7025 18656 2027
7008 18898 2030
6997 19143 2032
6993 19389 2036
6992 19633 2038
6998 19878 2041
7011 20123 2042
7026 20366 2039
7050 20605 2039
7081 20838 2038
7119 21065 2040
7165 21286 2039
7221 21501 2040
7285 21712 2040
7359 21919 2036
7444 22122 2042
7535 22323 2039
7636 22521 2039
7746 22712 2047
7862 22899 2047
7987 23080 2047
8117 23253 2047
8253 23418 2047
8392 23573 2047
8539 23715 2046
8694 23847 2040
8849 23963 2032
9012 24067 2019
9175 24159 2000
9337 24235 1982
9504 24297 1961
9669 24344 1941
9836 24371 1923
10007 24382 1905
10179 24376 1873
10358 24352 1847
10539 24312 1819
10717 24256 1796
10893 24185 1785
11060 24101 1776
11221 24007 1773
11377 23904 1774
11522 23792 1789
11658 23670 1805
11787 23538 1819
11908 23395 1828
12021 23239 1834
12129 23073 1827
12230 22895 1817
12324 22707 1808
12411 22507 1797
12488 22297 1796
12555 22079 1801
12613 21853 1807
12659 21618 1812
12695 21376 1816
12719 21125 1816
12728 20864 1816
12724 20600 1820
12705 20328 1821
12667 20050 1821
12615 19775 1819
12547 19495 1812
12462 19218 1810
12364 18941 1807
12250 18666 1812
12124 18398 1819
11981 18132 1823
11831 17877 1829
11672 17632 1831
11508 17397 1834
11340 17174 1836
11164 16962 1837
10986 16762 1837
10803 16576 1837
10615 16403 1841
10425 16244 1850
10233 16102 1862
10041 15979 1875
9856 15877 1885
9673 15795 1891
9495 15730 1894
9321 15679 1896
9149 15644 1902
8983 15620 1908
8819 15611 1915
8660 15618 1925
8503 15637 1933
8353 15667 1941
8210 15711 1949
8074 15761 1954
7945 15823 1950
7818 15897 1944
7698 15983 1939
7582 16082 1932
7475 16191 1934
7378 16311 1935
7287 16440 1936
7205 16575 1938
7130 16719 1939
7062 16869 1941
7001 17026 1941
6949 17190 1941
6903 17360 1943
6864 17539 1946
6833 17725 1953
6811 17919 1959
6798 18123 1965
6795 18335 1972
6798 18558 1977
6809 18788 1985
6828 19025 1994
6851 19269 1999
6883 19519 2008
6924 19773 2017
6972 20030 2024
7029 20288 2030
7095 20544 2033
7165 20799 2033
7241 21052 2036
7327 21300 2036
7425 21544 2038
7529 21781 2035
7645 22014 2032
7770 22240 2041
7902 22460 2046
8043 22672 2047
8194 22877 2047
8352 23074 2046
8519 23258 2039
8698 23434 2031
8880 23596 2029
9068 23748 2027
9258 23890 2024
9448 24025 2020
9640 24150 2020
9830 24268 2022
10021 24379 2023
10211 24479 2027
10407 24569 2026
10604 24647 2027
10804 24711 2026
11005 24763 2017
11208 24801 2004
11412 24823 1989
11616 24829 1983
11822 24816 1983
12027 24788 1981
12230 24744 1982
12427 24687 1977
12617 24613 1975
12796 24524 1982
12968 24423 1987
13130 24310 1994
13276 24186 1998
13408 24054 2002
13525 23912 2007
13631 23761 2010
13724 23603 2014
13808 23432 2018
13877 23249 2021
13935 23055 2025
13986 22846 2028
14023 22621 2025
14052 22384 2022
14066 22130 2013
14066 21862 2003
14054 21585 1995
14024 21298 1988
13975 21010 1982
13908 20713 1978
13822 20414 1974
13718 20114 1972
13600 19813 1970
13468 19523 1969
13324 19242 1968
13171 18966 1970
13007 18703 1975
12840 18446 1978
12668 18197 1981
12492 17961 1980
12319 17736 1988
12139 17528 1996
11961 17337 2003
11782 17163 2011
11603 17008 2012
11426 16874 2016
11249 16763 2024
11076 16670 2032
10903 16592 2039
10737 16527 2045
10571 16473 2047
10408 16432 2047
10250 16405 2047
10093 16391 2047
9944 16389 2047
9803 16396 2047
9665 16414 2047
9530 16442 2047
9397 16482 2047
9266 16534 2047
9142 16594 2047
9021 16662 2047
8909 16740 2047
8801 16826 2047
8698 16923 2047
8605 17029 2047
8521 17144 2047
8447 17270 2047
8382 17406 2047
8328 17554 2047
8282 17714 2047
8249 17886 2047
8225 18075 2047
8214 18274 2047
8211 18486 2047
8214 18712 2047
8223 18947 2047
8236 19193 2047
8256 19446 2047
8278 19704 2047
8311 19965 2047
8345 20229 2047
8385 20496 2047
8432 20762 2047
8475 21027 2047
8529 21291 2047
8587 21550 2047
8647 21807 2047
8717 22063 2047
8788 22315 2047
8864 22567 2047
8946 22813 2047
9034 23055 2047
9126 23296 2047
9227 23532 2047
9332 23766 2047
9445 23992 2047
9571 24212 2047
9704 24425 2047
9846 24628 2047
9997 24827 2027
10156 25015 2010
10327 25192 1991
10510 25355 1984
10696 25500 1971
10890 25629 1946
11089 25738 1926
11293 25827 1910
11504 25895 1902
11720 25940 1906
11939 25965 1903
12161 25967 1904
12384 25951 1907
12606 25915 1908
12823 25862 1915
13036 25793 1920
13242 25709 1924
13439 25612 1931
13631 25499 1938
13815 25376 1939
13994 25238 1938
14162 25088 1932
14319 24926 1927
14465 24753 1927
14600 24574 1929
14727 24388 1935
14842 24192 1940
14943 23989 1945
15034 23778 1950
15110 23559 1954
15173 23337 1958
15225 23109 1958
15264 22880 1957
15292 22651 1957
15306 22422 1950
15307 22196 1949
15296 21970 1947
15272 21743 1946
15237 21519 1948
15188 21294 1948
15128 21068 1948
15053 20841 1947
14966 20616 1948
14868 20390 1948
14757 20165 1948
14636 19941 1948
14504 19717 1946
14362 19496 1945
14210 19281 1941
14050 19073 1942
13879 18874 1945
13705 18683 1948
13523 18501 1951
13338 18333 1953
13151 18177 1957
12955 18034 1961
12762 17907 1965
12565 17792 1970
12368 17696 1978
12175 17617 1988
11983 17557 1999
11792 17516 2010
11606 17489 2016
11422 17473 2027
11236 17469 2039
11057 17476 2047
10878 17494 2047
10702 17525 2047
10533 17567 2047
10363 17621 2047
10197 17689 2047
10035 17769 2047
9879 17858 2047
9727 17958 2047
9579 18063 2047
9429 18177 2047
9284 18299 2047
9143 18429 2047
9002 18567 2047
8873 18715 2047
8742 18871 2047
8619 19034 2047
8502 19207 2047
8394 19389 2047
8296 19584 2047
8208 19791 2047
8131 20013 2047
8064 20246 2047
8006 20491 2047
7955 20750 2047
7913 21017 2047
7879 21294 2047
7855 21577 2047
7839 21865 2047
7832 22158 2047
7831 22458 2047
7836 22761 2047
7851 23066 2047
7875 23370 2047
7911 23666 2047
7962 23956 2047
8022 24238 2047
8093 24511 2047
8176 24778 2047
8274 25037 2047
8383 25287 2047
8502 25529 2047
8637 25763 2047
8778 25989 2047
8931 26206 2047
9095 26413 2047
9263 26612 2047
9441 26798 2047
9627 26978 2047
9818 27146 2047
10018 27302 2047
10222 27446 2047
10437 27573 2047
10659 27686 2046
10888 27779 2030
11128 27854 2016
11368 27906 2007
11614 27937 1998
11861 27949 1990
12107 27939 1984
12351 27909 1975
12591 27861 1969
12827 27794 1961
13053 27711 1959
13269 27607 1959
13478 27487 1964
13677 27345 1968
13868 27186 1970
14053 27011 1971
14226 26811 1968
14389 26592 1969
14540 26351 1970
14676 26087 1971
14799 25808 1970
14908 25518 1968
14998 25211 1965
15072 24894 1964
15132 24567 1961
15173 24227 1960
15199 23875 1957
15210 23507 1947
15203 23127 1935
15177 22734 1919
15136 22337 1898
15075 21940 1880
14996 21546 1858
14904 21159 1835
14791 20775 1815
14664 20400 1801
14522 20029 1792
14363 19670 1790
14196 19325 1797
14015 18994 1807
13822 18681 1821
13622 18385 1839
13413 18105 1854
13199 17845 1877
12977 17600 1898
12753 17373 1916
12525 17163 1931
12297 16971 1945
12069 16803 1961
11840 16652 1977
11616 16522 1997
11394 16413 2011
11176 16322 2024
10962 16256 2038
10750 16213 2047
10547 16189 2047
10347 16185 2047
10157 16198 2047
9971 16229 2047
9789 16274 2047
9615 16333 2047
9439 16405 2047
9270 16490 2047
9098 16588 2047
8932 16698 2047
8769 16817 2047
8611 16942 2047
8459 17075 2047
8315 17213 2047
8176 17360 2047
8043 17514 2047
7915 17677 2047
7791 17853 2047
7677 18038 2047
7566 18233 2047
7468 18441 2047
7377 18658 2047
7295 18885 2047
7221 19120 2047
7153 19361 2047
7092 19609 2047
7038 19865 2047
6991 20124 2047
6951 20387 2047
6917 20650 2047
6890 20911 2047
6868 21171 2047
6852 21427 2047
6846 21681 2047
6843 21933 2047
6852 22183 2047
6868 22434 2047
6891 22682 2047
6924 22928 2047
6962 23171 2047
7013 23409 2047
7074 23642 2047
7145 23870 2047
7226 24091 2047
7312 24310 2047
7408 24527 2047
7510 24743 2047
7622 24957 2047
7745 25169 2047
7878 25376 2047
8020 25577 2047
8171 25773 2047
8330 25957 2047
8497 26134 2047
8679 26300 2047
8866 26456 2047
9061 26605 2047
9260 26743 2047
9464 26873 2047
9670 26995 2047
9880 27110 2047
10096 27215 2047
10316 27312 2047
10543 27396 2047
10775 27467 2047
11011 27525 2042
11249 27567 2030
11487 27594 2027
11727 27603 2026
11970 27595 2027
12208 27569 2027
12447 27523 2027
12683 27461 2035
12915 27379 2041
13144 27273 2047
13370 27149 2047
13591 27003 2047
13804 26832 2047
14012 26641 2047
14208 26428 2047
14395 26197 2047
14567 25950 2046
14724 25687 2042
14871 25414 2039
14998 25126 2037
15108 24833 2033
15200 24539 2033
15267 24239 2035
15319 23941 2037
15355 23643 2038
15372 23341 2041
15378 23038 2043
15368 22734 2044
15345 22425 2042
15309 22116 2038
15259 21805 2027
15196 21496 2012
15117 21191 1997
15025 20884 1983
14918 20582 1975
14798 20276 1967
14662 19966 1957
14514 19659 1948
14352 19351 1937
14177 19045 1933
13993 18752 1934
13798 18466 1939
13592 18189 1945
13380 17928 1952
13162 17678 1968
12938 17444 1983
12712 17224 2001
12482 17022 2024
12251 16843 2040
12023 16683 2047
11797 16547 2047
11580 16434 2047
11369 16347 2047
11161 16285 2047
10964 16251 2047
10775 16244 2047
10593 16261 2047
10424 16306 2047
10262 16371 2047
10110 16458 2047
9964 16562 2047
9827 16681 2047
9691 16819 2047
9557 16972 2047
9426 17140 2047
9293 17323 2047
9165 17520 2047
9034 17728 2047
8907 17946 2047
8781 18173 2047
8657 18406 2047
8538 18648 2047
8421 18897 2047
8310 19154 2047
8203 19418 2047
8102 19684 2047
8008 19957 2047
7918 20235 2047
7837 20516 2047
7761 20803 2047
7692 21093 2047
7631 21383 2047
7580 21676 2047
7539 21970 2047
7508 22263 2047
7489 22558 2047
7478 22854 2047
7479 23146 2047
7490 23439 2047
7511 23725 2047
7545 24004 2047
7588 24279 2047
7640 24547 2047
7703 24814 2047
7776 25079 2047
7860 25339 2047
7952 25593 2047
8051 25839 2047
8154 26079 2047
8263 26313 2047
8379 26541 2047
8504 26760 2047
8643 26972 2047
8788 27174 2047
8945 27365 2047
9111 27548 2047
9285 27714 2047
9474 27866 2047
9675 28001 2047
9887 28116 2047
10110 28216 2047
10343 28293 2029
10582 28351 1978
10829 28389 1929
11081 28404 1884
11328 28402 1871
11572 28383 1893
11809 28347 1918
12039 28297 1945
12262 28233 1977
12483 28152 1982
12699 28059 1987
12913 27954 1996
13125 27832 2001
13330 27693 2005
13534 27538 2015
13731 27361 2020
13927 27170 2022
14122 26961 2023
14307 26733 2021
14481 26491 2022
14641 26237 2023
14786 25971 2026
14916 25694 2024
15028 25411 2022
15121 25114 2023
15197 24814 2023
15256 24510 2023
15298 24196 2024
15330 23879 2025
15345 23553 2026
15347 23227 2028
15336 22904 2028
15307 22586 2027
15268 22280 2024
15215 21979 2021
15149 21683 2017
15072 21394 2015
14984 21111 2014
14884 20831 2017
14769 20561 2022
14648 20294 2027
14514 20034 2032
14372 19780 2030
14227 19537 2029
14074 19305 2029
13913 19081 2032
13750 18866 2037
13577 18660 2040
13402 18460 2042
13221 18274 2047
13033 18099 2047
12844 17936 2047
12650 17791 2047
12459 17662 2047
12269 17550 2047
12079 17457 2047
11894 17382 2047
11710 17324 2047
11534 17287 2047
11366 17267 2047
11202 17264 2047
11047 17277 2047
10898 17305 2047
10753 17347 2047
10614 17405 2047
10476 17474 2047
10344 17558 2047
10211 17654 2047
10084 17760 2047
9961 17880 2047
9841 18009 2047
9727 18150 2047
9611 18302 2047
9500 18463 2047
9388 18637 2047
9279 18818 2047
9177 19008 2047
9076 19205 2047
8982 19406 2047
8892 19618 2047
8805 19837 2047
8726 20064 2047
8653 20299 2047
8586 20540 2047
8528 20790 2047
8474 21047 2047
8428 21310 2047
8392 21577 2047
8363 21847 2047
8342 22118 2047
8334 22390 2047
8334 22664 2047
8341 22938 2047
8361 23211 2047
8388 23481 2047
8423 23746 2047
8469 24006 2047
8523 24263 2047
8588 24519 2047
8664 24769 2047
8754 25015 2047
8854 25251 2047
8962 25475 2047
9080 25686 2047
9204 25880 2047
9338 26055 2047
9480 26215 2047
9627 26356 2047
9778 26484 2047
9934 26596 2047
10094 26693 2047
10258 26778 2047
10431 26850 2047
10609 26909 2047
10793 26957 2047
10981 26996 2047
11173 27025 2047
11369 27043 2047
11566 27049 2047
11769 27042 2037
11977 27022 2018
12187 26992 2002
12396 26950 1984
12604 26898 1975
12802 26836 1972
12996 26760 1971
13184 26674 1977
13357 26576 1985
13521 26468 1992
13673 26352 2000
13815 26231 2005
13949 26103 2007
14072 25969 2009
14184 25831 2011
14285 25686 2013
14374 25536 2015
14454 25383 2017
14528 25222 2019
14589 25049 2019
14642 24867 2019
14683 24670 2018
14712 24461 2013
14730 24238 2010
14737 24002 2002
14734 23750 1991
14717 23479 1971
14689 23198 1948
14649 22901 1923
14592 22594 1898
14525 22289 1885
14446 21982 1872
14354 21673 1862
14254 21373 1852
14144 21073 1838
14026 20774 1825
13901 20485 1812
13772 20197 1800
13634 19918 1792
13491 19655 1786
13341 19403 1787
13186 19167 1796
13021 18948 1809
12855 18748 1828
12689 18573 1853
12525 18420 1879
12368 18293 1912
12215 18184 1942
12062 18093 1970
11913 18024 1992
11767 17970 2005
11621 17937 2015
11474 17920 2024
11325 17921 2029
11173 17940 2035
11021 17975 2039
10870 18027 2040
10721 18095 2043
10574 18180 2047
10428 18281 2047
10285 18398 2047
10149 18529 2047
10019 18672 2047
9896 18832 2047
9786 19007 2047
9678 19198 2047
9578 19407 2047
9485 19633 2047
9396 19875 2047
9312 20130 2047
9231 20401 2047
9155 20683 2047
9077 20972 2047
9005 21270 2047
8935 21570 2047
8866 21870 2047
8803 22173 2047
8745 22473 2047
8694 22771 2047
8650 23069 2047
8616 23360 2047
8592 23645 2047
8581 23927 2047
8581 24205 2047
8594 24484 2047
8613 24764 2047
8645 25040 2047
8688 25313 2047
8741 25579 2047
8809 25838 2047
8886 26093 2047
8965 26340 2047
9056 26580 2047
9153 26813 2047
9256 27034 2047
9373 27246 2047
9497 27445 2047
9630 27630 2047
9773 27805 2047
9924 27963 2047
10083 28109 2047
10249 28240 2047
10426 28353 2047
10612 28452 2047
10808 28533 2046
11013 28599 2047
11226 28653 2042
11440 28695 2035
11659 28722 2033
11881 28735 2027
12102 28734 2026
12323 28717 2026
12544 28683 2024
12759 28634 2026
12970 28570 2028
13173 28491 2024
13366 28400 2047
13550 28298 2047
13722 28183 2047
13891 28058 2047
14055 27923 2047
14210 27772 2047
14363 27608 2047
14508 27426 2047
14650 27229 2047
14791 27019 2047
14924 26792 2047
15048 26551 2047
15159 26299 2047
15251 26033 2047
15331 25762 2047
15394 25487 2047
15440 25203 2047
15469 24923 2047
15482 24646 2047
15475 24371 2047
15453 24106 2047
15416 23843 2047
15369 23584 2047
15312 23329 2047
15242 23074 2047
15162 22828 2047
15071 22583 2047
14973 22344 2047
14866 22106 2047
14752 21871 2047
14627 21639 2034
14495 21418 2023
14358 21205 2021
14212 21003 2019
14063 20814 2023
13909 20633 2028
13748 20465 2037
13588 20310 2047
13424 20170 2047
13259 20047 2047
13091 19938 2047
12921 19843 2047
12751 19761 2047
12580 19693 2047
12414 19639 2047
12248 19604 2047
12086 19582 2047
11928 19576 2047
11772 19589 2047
11624 19616 2047
11478 19660 2047
11337 19721 2047
11201 19795 2047
11066 19881 2047
10936 19981 2047
10809 20091 2047
10685 20216 2047
10563 20356 2047
10442 20505 2047
10325 20668 2047
10210 20842 2047
10101 21030 2047
9996 21230 2047
9895 21440 2047
9799 21660 2047
9706 21887 2047
9618 22119 2047
9533 22353 2047
9456 22591 2047
9383 22827 2047
9316 23065 2047
9254 23305 2047
9200 23542 2047
9150 23778 2047
9113 24009 2047
9084 24239 2047
9062 24470 2047
9048 24700 2047
9041 24930 2047
9039 25159 2047
9044 25389 2047
9057 25617 2047
9075 25844 2047
9102 26071 2047
9138 26296 2047
9183 26522 2047
9238 26746 2047
9299 26971 2047
9370 27195 2047
9445 27416 2047
9529 27636 2047
9623 27851 2047
9723 28059 2047
9833 28259 2047
9952 28449 2047
10077 28625 2047
10213 28784 2047
10358 28944 2047
10508 29105 2047
10664 29264 2047
10827 29427 2047
10994 29571 2026
11170 29697 2016
11350 29700 2011
11533 29700 2009
11717 29700 2008
11901 29700 2003
12089 29700 1995
12275 29700 1979
12459 29700 1959
12640 29700 1941
12816 29700 1929
12993 29662 1919
13170 29542 1913
13345 29409 1929
13519 29260 1932
13686 29111 1938
13852 28960 1943
14014 28804 1927
14168 28648 1914
14317 28478 1926
14456 28295 1939
14587 28100 1953
14712 27892 1973
14828 27672 1973
14936 27439 1973
15033 27196 1974
15116 26941 1980
15189 26681 1980
15247 26418 1982
15293 26146 1984
15327 25871 1984
15351 25591 1985
15365 25304 1984
15366 25015 1982
15357 24725 1980
15330 24429 1980
15293 24135 1982
15241 23841 1984
15172 23544 1987
15091 23251 1991
14994 22962 1997
14881 22674 2002
14759 22394 2007
14623 22117 2011
14476 21845 2014
14320 21581 2019
14155 21327 2025
13983 21085 2032
13805 20851 2030
13623 20631 2034
13440 20422 2034
13255 20224 2038
13070 20043 2047
12884 19878 2047
12697 19726 2047
12515 19594 2047
12336 19482 2047
12163 19390 2047
11998 19322 2047
11836 19273 2047
11683 19243 2047
11533 19229 2047
11388 19231 2047
11248 19250 2047
11108 19281 2047
10977 19328 2047
10847 19391 2047
10722 19464 2047
10601 19551 2047
10479 19649 2047
10363 19754 2047
10248 19870 2047
10140 19994 2047
10039 20125 2047
9941 20262 2047
9848 20404 2047
9761 20551 2047
9674 20700 2047
9591 20853 2047
9511 21010 2047
9433 21171 2047
9357 21338 2047
9287 21511 2047
9222 21690 2047
9162 21875 2047
9111 22066 2047
9067 22264 2047
9032 22468 2047
9006 22680 2047
8987 22900 2047
8973 23128 2047
8966 23365 2047
8967 23607 2047
8972 23855 2047
8984 24106 2047
9001 24359 2047
9021 24617 2047
9046 24877 2047
9075 25138 2047
9109 25398 2047
9147 25652 2047
9193 25902 2047
9245 26143 2047
9300 26376 2047
9364 26600 2047
9438 26812 2047
9521 27016 2047
9617 27212 2047
9720 27399 2047
9829 27580 2047
9947 27752 2047
10073 27917 2047
10208 28075 2047
10355 28223 2047
10513 28363 2047
10678 28489 2047
10855 28600 2047
11040 28700 2045
11234 28786 2041
11436 28859 2033
11642 28920 2022
11854 28973 2007
12071 29019 1995
12291 29053 1984
12511 29076 1975
12730 29083 1966
12946 29073 1962
13159 29053 1957
13366 29024 1949
13565 28987 1945
13757 28943 1940
13946 28893 1934
14130 28836 1928
14313 28771 1919
14492 28696 1904
14667 28609 1891
14841 28509 1896
15010 28393 1902
15177 28264 1909
15339 28122 1912
15498 27971 1895
15652 27809 1879
15794 27636 1870
15923 27458 1864
16038 27271 1861
16141 27081 1859
16237 26885 1856
16320 26684 1857
16395 26478 1859
16458 26269 1862
16508 26059 1865
16547 25846 1865
16576 25637 1866
16593 25429 1867
16597 25223 1867
16593 25018 1868
16576 24811 1869
16550 24602 1873
16515 24393 1877
16469 24181 1884
16412 23965 1889
16343 23745 1894
16264 23517 1898
16176 23281 1897
16080 23035 1899
15976 22783 1900
15861 22524 1902
15734 22267 1906
15594 22009 1908
15443 21745 1909
15280 21487 1911
15108 21226 1911
14929 20969 1914
14738 20717 1920
14539 20470 1925
14335 20230 1932
14122 19993 1936
13904 19767 1939
13684 19550 1941
13459 19342 1941
13234 19147 1945
13004 18963 1949
12774 18791 1954
12541 18639 1959
12315 18505 1968
12095 18389 1974
11882 18295 1981
11681 18219 1986
11486 18162 1988
11305 18127 1989
11130 18113 1990
10964 18117 1993
10805 18142 1992
10651 18184 1993
10504 18245 1995
10358 18323 1998
10216 18417 2002
10079 18527 2006
9946 18645 2010
9817 18775 2013
9690 18912 2014
9563 19056 2015
9437 19210 2013
9316 19373 2012
9200 19544 2011
9088 19720 2013
8981 19901 2015
8876 20085 2018
8777 20274 2015
8680 20468 2013
8588 20666 2010
8502 20869 2007
8418 21075 2008
8339 21280 2009
8267 21484 2010
8196 21690 2010
8135 21900 2011
8076 22112 2008
8021 22325 2008
7971 22539 2009
7923 22753 2013
7880 22968 2013
7844 23183 2015
7811 23396 2016
7785 23605 2022
7765 23813 2032
7746 24020 2043
7734 24228 2047
7727 24439 2047
7728 24650 2047
7734 24865 2047
7748 25086 2047
7768 25309 2047
7795 25537 2047
7831 25764 2047
7872 25995 2047
7920 26225 2047
7974 26457 2047
8032 26691 2047
8096 26923 2047
8166 27156 2047
8243 27389 2047
8329 27618 2047
8418 27845 2047
8512 28070 2043
8609 28290 2024
8710 28507 2005
8817 28714 1986
8927 28937 1974
9041 29174 1967
9155 29432 1964
9269 29700 1993
9394 29700 2047
9538 29700 2046
9691 29700 1999
9858 29700 1913
9985 29700 1913
10067 29700 1913
10108 29700 1913
10108 29700 1913
10108 29700 0
10108 29700 0
10753 29700 213
10766 29700 207
10778 29700 220
10790 29453 218
10801 29142 212
10800 28959 207
10798 28803 180
10798 28669 163
10798 28526 173
10797 28381 187
10797 28233 204
10799 28084 226
10804 27934 226
10809 27779 228
10817 27622 244
10828 27456 260
10843 27282 277
10864 27102 294
10886 26914 298
10911 26720 305
10936 26520 313
10961 26315 321
10988 26109 335
11010 25900 361
11030 25691 386
11046 25483 417
11058 25277 462
11066 25074 505
11072 24878 569
11076 24684 635
11079 24498 689
11083 24321 736
11087 24149 763
11090 23984 786
11094 23817 809
11098 23653 826
11104 23490 839
11111 23324 852
11118 23155 861
11126 22978 870
11134 22796 883
11141 22607 891
11143 22413 898
11139 22217 904
11130 22017 908
11114 21820 917
11091 21624 936
11060 21430 969
11022 21238 1013
10978 21049 1061
10929 20865 1104
10878 20682 1142
10820 20506 1172
10755 20332 1197
10685 20164 1221
10608 20004 1240
10525 19846 1263
10438 19697 1288
10347 19555 1312
10251 19418 1336
10154 19289 1353
10057 19165 1367
9957 19050 1381
9856 18940 1395
9753 18837 1408
9645 18741 1422
9539 18650 1432
9432 18567 1441
9322 18497 1449
9213 18437 1456
9103 18390 1464
8992 18354 1480
8884 18331 1502
8774 18324 1534
8667 18331 1571
8563 18357 1609
8460 18397 1653
8364 18451 1702
8273 18520 1753
8187 18606 1805
8106 18707 1858
8032 18822 1901
7964 18950 1945
7902 19091 1989
7846 19246 2017
7798 19414 2042
7755 19599 2047
7719 19797 2047
7690 20006 2047
7667 20226 2047
7650 20455 2047
7641 20694 2047
7638 20939 2047
7642 21187 2047
7654 21437 2047
7672 21686 2047
7696 21937 2047
7727 22187 2047
7766 22436 2047
7813 22683 2047
7870 22924 2047
7936 23158 2047
8009 23384 2047
8088 23597 2047
8172 23801 2047
8262 23998 2042
8358 24185 2029
8459 24366 2017
8570 24540 2014
8687 24703 2006
8812 24856 2001
8944 24996 1993
9083 25123 1980
9228 25240 1973
9380 25343 1965
9541 25433 1957
9703 25510 1952
9869 25574 1941
10038 25626 1932
10208 25666 1918
10383 25694 1906
10560 25711 1897
10735 25716 1889
10912 25713 1884
11086 25699 1878
11262 25675 1876
11435 25640 1876
11603 25592 1881
11770 25533 1888
11930 25456 1891
12088 25367 1891
12245 25264 1891
12396 25144 1888
12540 25010 1890
12682 24860 1895
12815 24694 1899
12941 24517 1900
13061 24332 1896
13167 24136 1891
13261 23932 1887
13342 23722 1887
13410 23504 1887
13464 23282 1890
13507 23057 1894
13535 22832 1897
13551 22608 1905
13555 22384 1911
13546 22162 1916
13527 21941 1922
13495 21721 1926
13450 21503 1927
13392 21289 1926
13319 21076 1923
13238 20865 1919
13143 20657 1923
13039 20452 1927
12924 20247 1931
12798 20045 1936
12663 19842 1934
12519 19638 1933
12366 19435 1940
12202 19235 1946
12028 19044 1953
11845 18856 1960
11657 18680 1958
11462 18512 1962
11262 18355 1968
11061 18215 1976
10855 18090 1991
10651 17979 2002
10452 17887 2015
10255 17812 2031
10068 17752 2044
9892 17710 2047
9723 17684 2047
9563 17675 2047
9409 17682 2047
9263 17706 2047
9125 17745 2047
8995 17798 2047
8873 17868 2047
8757 17953 2047
8650 18050 2047
8549 18164 2047
8456 18290 2047
8372 18432 2047
8295 18591 2047
8228 18764 2047
8167 18948 2047
8118 19140 2047
8076 19344 2047
8043 19556 2047
8022 19777 2047
8006 20009 2047
8000 20245 2047
8005 20488 2047
8017 20736 2047
8038 20989 2047
8065 21243 2047
8100 21498 2047
8138 21756 2047
8180 22016 2047
8228 22278 2047
8283 22545 2047
8345 22812 2047
8419 23076 2047
8500 23339 2047
8588 23596 2047
8687 23846 2047
8793 24089 2047
8908 24324 2047
9032 24551 2047
9164 24770 2047
9304 24980 2047
9454 25180 2047
9612 25370 2047
9775 25550 2047
9947 25718 2047
10123 25870 2047
10310 26004 2047
10506 26124 2047
10707 26227 2047
10914 26312 2046
11125 26381 2020
11340 26432 1997
11557 26467 1976
11774 26484 1958
11992 26484 1951
12210 26468 1941
12424 26435 1931
12636 26387 1924
12842 26320 1918
13044 26238 1917
13240 26141 1917
13425 26032 1922
13598 25910 1930
13755 25773 1940
13904 25625 1951
14042 25467 1960
14168 25300 1967
14282 25124 1972
14382 24938 1980
14471 24744 1989
14550 24547 1996
14615 24347 2009
14669 24143 2018
14710 23934 2026
14738 23719 2037
14758 23499 2045
14764 23273 2047
14757 23044 2047
14736 22814 2047
14699 22579 2047
14654 22342 2047
14590 22097 2047
14514 21847 2047
14423 21592 2047
14319 21342 2034
14201 21088 2018
14066 20824 2007
13919 20560 1998
13753 20287 2015
13574 20017 2021
13386 19756 2028
13185 19499 2033
12975 19250 2039
12760 19006 2042
12537 18770 2047
12311 18541 2047
12085 18323 2047
11857 18117 2047
11631 17922 2047
11406 17742 2047
11179 17570 2047
10952 17410 2047
10724 17259 2047
10497 17115 2047
10273 16982 2047
10054 16859 2047
9841 16746 2047
9633 16643 2047
9431 16547 2024
9235 16460 1954
9047 16380 1811
8868 16307 1555
8703 16243 1117
8551 16187 485
8417 16134 0
8307 16086 0
8222 16037 0
8165 15982 0
8132 15924 0
8123 15864 0
8133 15804 0
8161 15743 0
8188 15699 0
8209 15669 0
8220 15654 0
8220 15654 0
8220 15654 0
8220 15654 0
9327 19759 2047
9318 19756 2047
9310 19754 2047
9301 19753 2047
9295 19753 2047
9298 19755 2047
9302 19759 2047
9307 19764 2047
9316 19773 2047
9326 19787 2047
9342 19808 2047
9365 19838 2047
9395 19879 2047
9435 19929 2047
9484 19992 2047
9544 20060 2047
9614 20133 2047
9700 20213 2047
9800 20300 2028
9916 20395 1961
10051 20499 1879
10209 20611 1772
10391 20729 1667
10592 20854 1571
10812 20981 1478
11049 21110 1430
11295 21237 1390
11551 21360 1399
11809 21476 1458
12068 21581 1508
12319 21674 1593
12565 21751 1667
12797 21814 1723
13014 21859 1789
13216 21884 1837
13401 21888 1866
13571 21868 1885
13723 21828 1900
13862 21766 1905
13989 21684 1913
14098 21585 1925
14189 21467 1926
14258 21336 1922
14304 21192 1898
14331 21035 1870
14338 20866 1845
14324 20681 1813
14290 20481 1781
14235 20264 1725
14158 20029 1661
14057 19781 1591
13935 19516 1529
13791 19240 1499
13623 18953 1478
13433 18656 1493
13218 18354 1522
12974 18048 1555
12709 17742 1606
12416 17438 1670
12098 17141 1738
11759 16851 1821
11390 16570 1902
10999 16304 1966
10583 16053 2022
10150 15823 2047
9712 15618 2047
9273 15444 2047
8848 15303 2047
8447 15204 2047
8074 15148 2047
7738 15133 2047
7438 15160 2047
7170 15225 2047
6939 15327 2047
6735 15465 2047
6561 15632 2047
6414 15827 2047
6290 16048 2047
6190 16289 2047
6113 16549 2047
6057 16826 2047
6022 17117 2047
6005 17419 2047
6003 17738 2047
6021 18069 2047
6056 18412 2047
6114 18767 2047
6191 19130 2047
6287 19501 2047
6406 19882 2047
6543 20269 2047
6704 20667 2047
6887 21065 2047
7085 21462 2047
7305 21862 2047
7543 22257 2047
7791 22650 2047
8051 23032 2047
8318 23395 2047
8588 23733 2047
8861 24039 2047
9134 24314 2047
9406 24560 2047
9671 24773 2047
9938 24957 2047
10208 25111 2047
10475 25234 2047
10744 25329 2047
11011 25397 2047
11276 25437 2047
11539 25457 2047
11804 25455 2047
12069 25435 2047
12328 25398 2047
12588 25344 2047
12845 25279 2047
13094 25199 2047
13342 25102 2047
13580 24987 2047
13811 24853 2047
14032 24699 2047
14239 24527 2047
14435 24335 2047
14616 24119 2047
14786 23879 2047
14942 23615 2047
15079 23321 2047
15196 23004 2047
15292 22662 2047
15370 22300 2047
15428 21928 2047
15467 21545 2047
15487 21160 2047
15484 20771 2047
15466 20380 2047
15425 19986 2047
15372 19593 2047
15305 19202 2047
15225 18814 2047
15134 18429 2047
15029 18048 2047
14909 17670 2047
14774 17293 2047
14621 16921 2047
14447 16548 2047
14255 16183 2047
14041 15826 2047
13805 15478 2047
13551 15140 2047
13270 14808 2047
12973 14489 2047
12664 14182 2047
12341 13891 2047
12016 13620 2047
11692 13365 2034
11369 13132 2012
11055 12922 1999
10750 12733 2001
10458 12566 2006
10180 12423 2025
9917 12302 2047
9662 12203 2047
9412 12124 2047
9161 12063 2047
8910 12022 2047
8658 11999 2047
8403 11997 2047
8145 12013 2047
7882 12048 2047
7614 12100 2047
7342 12170 2047
7069 12254 2047
6796 12357 2047
6527 12477 2047
6264 12617 2047
6010 12774 2047
5772 12947 2047
5550 13135 2047
5348 13337 2047
5168 13556 2047
5004 13788 2047
4857 14032 2047
4727 14289 2047
4611 14556 2047
4512 14834 2047
4426 15124 2047
4352 15419 2047
4287 15723 2047
4233 16031 2047
4190 16338 2047
4158 16644 2047
4139 16947 2047
4135 17248 2047
4147 17550 2047
4181 17855 2047
4238 18165 2047
4316 18486 2047
4417 18817 2047
4537 19157 2047
4679 19503 2047
4839 19853 2047
5020 20206 2047
5221 20559 2047
5436 20910 2047
5670 21260 2047
5924 21604 2047
6191 21947 2047
6478 22285 2047
6782 22615 2047
7094 22935 2047
7421 23236 2047
7757 23517 2047
8095 23773 2047
8445 24003 2047
8796 24210 2047
9144 24393 2047
9490 24551 2047
9828 24692 2047
10167 24812 2047
10502 24916 2047
10834 25002 2047
11164 25073 2047
11485 25128 2047
11803 25164 2047
12119 25183 2047
12430 25182 2047
12740 25165 2047
13043 25131 2047
13340 25079 2047
13631 25007 2047
13917 24915 2047
14198 24802 2047
14471 24666 2047
14740 24517 2047
14996 24350 2047
15244 24167 2047
15487 23973 2047
15719 23762 2047
15942 23537 2047
16156 23297 2047
16362 23040 2047
16560 22773 2047
16748 22489 2047
16927 22198 2047
17093 21900 2047
17244 21589 2047
17385 21273 2047
17510 20949 2047
17622 20621 2047
17722 20290 2047
17808 19955 2047
17884 19616 2047
17952 19277 2047
18006 18934 2047
18053 18591 2047
18089 18248 2047
18113 17900 2047
18132 17549 2047
18137 17195 2047
18133 16835 2047
18116 16465 2047
18083 16090 2047
18039 15707 2047
17983 15321 2047
17913 14933 2047
17833 14542 2047
17741 14153 2047
17636 13761 2047
17519 13372 2047
17387 12981 2047
17243 12594 2047
17087 12213 2047
16922 11843 2047
16748 11485 2047
16566 11135 2047
16381 10801 2047
16191 10480 2047
16000 10173 2047
15811 9884 2047
15620 9611 2047
15428 9354 2047
15238 9120 2047
15050 8904 2047
14864 8710 2047
14677 8533 2047
14495 8366 2047
14308 8218 2047
14123 8086 2047
13942 7973 2047
13758 7880 2047
13573 7795 2047
13385 7720 2047
13188 7657 2047
12987 7607 2047
12780 7570 2047
12565 7546 2047
12342 7529 2047
12108 7521 2047
11865 7521 2047
11613 7531 2047
11355 7549 2047
11092 7576 2047
10825 7613 2047
10554 7658 2047
10280 7713 2047
10005 7780 2047
9729 7853 2047
9455 7937 2047
9181 8029 2047
8909 8127 2047
8641 8237 2047
8381 8355 2047
8134 8486 2047
7900 8630 2047
7680 8787 2047
7473 8957 2047
7282 9140 2047
7103 9338 2047
6938 9547 2047
6781 9769 2047
6631 9998 2047
6489 10234 2047
6352 10478 2047
6226 10733 2047
6113 11001 2047
6011 11281 2047
5927 11575 2047
5862 11882 2047
5815 12203 2047
5794 12541 2047
5798 12894 2047
5822 13257 2047
5875 13631 2047
5949 14009 2047
6047 14394 2047
6170 14790 2047
6311 15192 2047
6470 15603 2047
6647 16020 2047
6842 16433 2047
7051 16845 2047
7277 17252 2047
7510 17651 2047
7750 18045 2047
7992 18426 2047
8232 18791 2047
8476 19137 2047
8710 19460 2047
8943 19758 2047
9170 20035 2047
9392 20286 2047
9614 20521 2047
9835 20735 2047
10059 20934 2047
10289 21120 2047
10525 21291 2047
10768 21456 2047
11017 21611 2047
11270 21759 2047
11528 21903 2047
11789 22041 2047
12059 22171 2047
12329 22295 2047
12606 22412 2047
12893 22515 2047
13181 22611 2047
13475 22698 2047
13779 22772 2047
14078 22839 2047
14381 22892 2047
14687 22929 2047
14984 22955 2047
15276 22966 2047
15561 22963 2047
15828 22946 2047
16090 22910 2047
16348 22854 2047
16595 22779 2047
16838 22685 2047
17071 22570 2047
17291 22432 2047
17504 22273 2047
17706 22089 2047
17898 21884 2047
18078 21657 2047
18249 21410 2047
18410 21144 2047
18558 20860 2047
18692 20566 2047
18817 20259 2047
18927 19941 2047
19024 19619 2047
19109 19290 2047
19176 18954 2047
19233 18614 2047
19275 18267 2047
19306 17916 2047
19326 17566 2047
19335 17213 2047
19334 16864 2047
19322 16510 2047
19300 16157 2047
19269 15809 2047
19228 15460 2047
19178 15118 2047
19117 14775 2047
19047 14439 2047
18971 14106 2047
18882 13775 2047
18787 13450 2047
18684 13125 2047
18572 12805 2047
18457 12489 2047
18334 12180 2047
18203 11879 2047
18067 11587 2047
17920 11306 2047
17760 11033 2047
17590 10770 2047
17404 10514 2047
17197 10271 2047
16988 10028 2047
16762 9791 2047
16525 9561 2047
16280 9333 2047
16015 9118 2047
15740 8912 2047
15448 8718 2047
15150 8535 2047
14837 8363 2047
14519 8204 2047
14197 8061 2047
13870 7935 2047
13544 7826 2047
13215 7736 2047
12891 7665 2047
12574 7613 2047
12262 7582 2047
11956 7570 2047
11655 7573 2047
11355 7591 2047
11057 7625 2047
10760 7669 2047
10463 7729 2047
10172 7801 2047
9891 7891 2047
9618 7999 2047
9357 8123 2047
9107 8263 2047
8870 8419 2047
8651 8589 2047
8449 8776 2047
8261 8978 2047
8085 9194 2047
7914 9421 2047
7745 9657 2047
7578 9904 2047
7409 10157 2047
7243 10419 2047
7076 10687 2047
6917 10964 2047
6767 11249 2047
6627 11542 2047
6508 11842 2047
6405 12147 2047
6325 12460 2047
6270 12779 2047
6236 13105 2047
6228 13435 2047
6242 13764 2047
6278 14095 2047
6334 14425 2047
6408 14753 2047
6501 15087 2047
6611 15423 2047
6737 15761 2047
6885 16101 2047
7046 16435 2047
7225 16766 2047
7419 17089 2047
7628 17409 2047
7850 17723 2047
8090 18032 2047
8345 18337 2047
8616 18639 2047
8904 18938 2047
9204 19229 2047
9518 19516 2047
9839 19795 2047
10172 20066 2047
10511 20330 2047
10854 20580 2047
11199 20818 2047
11539 21040 2047
11875 21249 2047
12206 21442 2047
12529 21622 2047
12848 21786 2047
13154 21930 2047
13454 22059 2047
13750 22164 2047
14030 22249 2047
14304 22317 2047
14573 22363 2047
14826 22394 2047
15075 22409 2047
15313 22407 2047
15542 22389 2047
15766 22353 2047
15983 22300 2047
16196 22230 2047
16402 22148 2047
16609 22051 2047
16812 21940 2047
17016 21815 2047
17217 21676 2047
17414 21520 2047
17610 21351 2047
17801 21168 2047
17989 20973 2047
18172 20769 2047
18353 20559 2047
18529 20342 2047
18698 20121 2047
18860 19891 2047
19012 19655 2047
19157 19415 2047
19292 19167 2047
19416 18913 2047
19527 18649 2047
19620 18378 2047
19701 18094 2047
19769 17803 2047
19821 17508 2047
19859 17200 2047
19882 16889 2047
19890 16571 2047
19888 16246 2047
19871 15924 2047
19841 15598 2047
19801 15276 2047
19747 14958 2047
19685 14640 2047
19614 14329 2047
19534 14028 2047
19444 13729 2047
19349 13437 2047
19244 13153 2047
19130 12871 2047
19008 12602 2047
18876 12343 2047
18738 12091 2047
18596 11851 2047
18447 11620 2047
18295 11398 2047
18138 11190 2047
17971 10988 2047
17800 10797 2047
17615 10616 2047
17419 10443 2047
17218 10279 2047
17001 10120 2047
16777 9970 2047
16546 9831 2047
16307 9700 2047
16064 9579 2047
15816 9468 2047
15563 9365 2047
15304 9271 2047
15041 9189 2047
14775 9115 2047
14505 9050 2047
14234 8998 2047
13967 8955 2047
13702 8926 2047
13443 8908 2047
13185 8902 2047
12932 8908 2047
12683 8925 2047
12439 8953 2047
12202 8991 2047
11968 9037 2047
11740 9095 2047
11513 9162 2047
11288 9239 2047
11067 9325 2047
10850 9420 2047
10636 9524 2047
10431 9636 2047
10232 9758 2047
10039 9886 2047
9861 10025 2047
9693 10177 2047
9540 10337 2047
9403 10511 2047
9281 10694 2047
9180 10889 2047
9095 11100 2047
9027 11323 2047
8973 11557 2047
8928 11799 2047
8893 12046 2047
8865 12296 2047
8845 12549 2047
8831 12805 2047
8823 13065 2047
8823 13327 2047
8832 13590 2047
8850 13852 2047
8878 14114 2047
8916 14376 2047
8965 14641 2047
9025 14910 2047
9098 15183 2047
9184 15460 2047
9282 15738 2047
9392 16020 2047
9513 16305 2047
9642 16586 2047
9776 16869 2047
9917 17147 2047
10062 17418 2047
10214 17688 2047
10376 17949 2047
10542 18202 2047
10709 18443 2047
10883 18672 2047
11058 18889 2047
11240 19091 2047
11428 19281 2047
11612 19456 2047
11799 19619 2047
11984 19768 2047
12174 19904 2047
12366 20026 2047
12560 20136 2047
12755 20236 2047
12950 20329 2047
13148 20412 2047
13344 20489 2047
13543 20562 2047
13743 20624 2047
13947 20684 2047
14151 20734 2047
14357 20772 2047
14562 20803 2047
14768 20823 2047
14974 20836 2047
15177 20838 2047
15380 20828 2047
15580 20806 2047
15780 20770 2047
15971 20725 2047
16161 20668 2047
16344 20601 2047
16527 20521 2047
16708 20431 2047
16879 20332 2047
17050 20227 2047
17212 20119 2047
17370 20005 2047
17528 19885 2047
17675 19759 2047
17817 19627 2047
17956 19491 2047
18087 19352 2047
18218 19210 2047
18346 19065 2047
18467 18910 2047
18584 18748 2047
18693 18582 2047
18798 18408 2047
18898 18233 2047
18992 18052 2047
19081 17867 2047
19162 17681 2047
19234 17493 2047
19300 17308 2047
19356 17122 2047
19404 16936 2047
19444 16752 2047
19476 16570 2047
19501 16389 2047
19517 16206 2047
19523 16023 2047
19521 15835 2047
19510 15648 2047
19489 15456 2047
19459 15263 2047
19420 15068 2047
19369 14871 2047
19308 14675 2047
19232 14476 2047
19145 14275 2047
19045 14071 2047
18933 13864 2047
18812 13657 2047
18678 13448 2047
18535 13239 2047
18381 13035 2047
18218 12834 2047
18048 12637 2047
17871 12451 2047
17691 12269 2047
17509 12099 2047
17320 11937 2047
17131 11784 2047
16941 11643 2047
16750 11511 2047
16558 11390 2047
16366 11279 2047
16171 11178 2047
15976 11086 2047
15779 11002 2047
15574 10925 2047
15364 10855 2047
15147 10793 2047
14921 10737 2047
14688 10685 2047
14448 10638 2047
14196 10597 2047
13935 10564 2047
13665 10539 2047
13391 10522 2047
13114 10512 2047
12837 10511 2047
12565 10520 2047
12293 10538 2047
12026 10565 2047
11765 10600 2047
11508 10644 2047
11257 10697 2047
11012 10760 2047
10771 10832 2047
10540 10915 2047
10317 11008 2047
10107 11109 2047
9906 11218 2047
9712 11330 2047
9527 11448 2047
9344 11568 2047
9165 11693 2047
8991 11824 2047
8820 11960 2047
8657 12101 2047
8499 12243 2047
8349 12390 2047
8208 12541 2047
8077 12699 2047
7957 12863 2047
7848 13033 2047
7754 13207 2047
7674 13386 2047
7612 13569 2047
7567 13758 2047
7544 13949 2047
7538 14145 2047
7550 14348 2047
7584 14557 2047
7635 14772 2047
7707 14990 2047
7797 15212 2047
7902 15435 2047
8019 15658 2047
8148 15879 2047
8289 16099 2047
8442 16315 2047
8613 16529 2047
8794 16742 2047
8987 16950 2047
9192 17155 2047
9408 17355 2047
9631 17551 2047
9862 17743 2047
10100 17925 2047
10345 18104 2047
10596 18270 2047
10856 18421 2047
11124 18564 2047
11389 18691 2047
11661 18805 2047
11938 18907 2047
12211 18992 2047
12488 19061 2047
12765 19114 2047
13037 19154 2047
13308 19182 2047
13574 19197 2047
13837 19200 2047
14089 19188 2047
14337 19166 2047
14581 19136 2047
14814 19101 2047
15041 19059 2047
15259 19012 2047
15468 18952 2047
15671 18881 2047
15866 18795 2047
16053 18695 2047
16232 18584 2047
16404 18462 2047
16575 18331 2047
16737 18189 2047
16890 18030 2047
17036 17862 2047
17172 17679 2047
17299 17487 2047
17420 17294 2047
17532 17092 2047
17634 16889 2047
17729 16679 2047
17815 16463 2047
17892 16243 2047
17963 16017 2047
18027 15789 2047
18083 15554 2047
18131 15318 2047
18165 15078 2047
18188 14836 2047
18200 14592 2047
18202 14345 2047
18194 14094 2047
18171 13834 2047
18138 13573 2047
18087 13309 2047
18024 13049 2047
17949 12791 2047
17860 12535 2047
17761 12281 2047
17647 12027 2047
17520 11780 2047
17381 11536 2047
17228 11298 2047
17065 11065 2047
16890 10841 2047
16705 10623 2047
16510 10414 2047
16306 10212 2047
16096 10015 2047
15877 9828 2047
15649 9647 2047
15416 9476 2047
15177 9314 2047
14933 9161 2047
14684 9024 2047
14434 8900 2047
14179 8786 2047
13924 8687 2047
13669 8597 2047
13413 8519 2047
13159 8454 2047
12905 8402 2047
12654 8363 2047
12404 8335 2047
12154 8320 2047
11904 8316 2047
11655 8326 2047
11406 8349 2047
11159 8385 2047
10915 8430 2047
10668 8485 2047
10421 8551 2047
10178 8626 2047
9936 8711 2047
9701 8805 2047
9466 8906 2047
9232 9017 2047
9000 9137 2047
8772 9265 2047
8549 9400 2047
8333 9540 2047
8123 9688 2047
7921 9844 2047
7727 10004 2047
7543 10175 2047
7368 10351 2047
7204 10534 2047
7051 10726 2047
6909 10923 2047
6780 11128 2047
6664 11340 2047
6562 11559 2047
6473 11782 2047
6398 12013 2047
6336 12248 2047
6293 12492 2047
6264 12746 2047
6256 13008 2047
6265 13276 2047
6291 13551 2047
6335 13830 2047
6394 14114 2047
6471 14403 2047
6564 14698 2047
6672 15000 2047
6797 15307 2047
6940 15617 2047
7092 15932 2047
7262 16247 2047
7445 16561 2047
7645 16876 2047
7861 17185 2047
8088 17490 2047
8328 17790 2047
8575 18082 2047
8828 18366 2047
9087 18640 2047
9350 18903 2047
9610 19149 2047
9875 19380 2047
10141 19593 2047
10411 19786 2047
10690 19961 2047
10971 20117 2047
11255 20256 2047
11534 20381 2047
11809 20493 2047
12082 20595 2047
12345 20689 2047
12609 20774 2047
12872 20855 2047
13127 20927 2047
13384 20993 2047
13635 21051 2047
13883 21096 2047
14127 21133 2047
14369 21154 2047
14611 21161 2047
14848 21155 2047
15082 21133 2047
15311 21098 2047
15532 21048 2047
15746 20985 2047
15952 20910 2047
16152 20823 2047
16345 20726 2047
16534 20618 2047
16717 20497 2047
16892 20365 2047
17064 20223 2047
17225 20072 2047
17381 19914 2047
17531 19745 2047
17670 19568 2047
17800 19378 2047
17925 19181 2047
18040 18971 2047
18145 18752 2047
18242 18525 2047
18327 18289 2047
18400 18050 2047
18461 17808 2047
18511 17563 2047
18546 17311 2047
18571 17058 2047
18584 16802 2047
18585 16545 2047
18572 16290 2047
18550 16035 2047
18516 15785 2047
18468 15536 2047
18413 15290 2047
18345 15050 2047
18268 14812 2047
18180 14577 2047
18082 14347 2047
17976 14120 2047
17858 13897 2047
17732 13675 2047
17594 13453 2047
17443 13231 2047
17280 13009 2047
17106 12789 2047
16918 12575 2047
16719 12363 2047
16510 12155 2047
16289 11950 2047
16059 11750 2047
15819 11556 2047
15568 11368 2047
15310 11189 2047
15041 11017 2047
14763 10853 2047
14482 10700 2047
14191 10559 2047
13899 10431 2047
13606 10316 2047
13310 10213 2047
13017 10123 2047
12728 10045 2047
12440 9983 2047
12158 9935 2047
11883 9905 2047
11615 9890 2047
11358 9892 2047
11112 9909 2047
10881 9943 2047
10658 9994 2047
10449 10059 2047
10250 10139 2047
10060 10232 2047
9882 10337 2047
9708 10452 2047
9543 10576 2047
9378 10710 2047
9217 10853 2047
9060 11005 2047
8903 11163 2047
8753 11324 2047
8604 11487 2047
8461 11651 2047
8322 11823 2047
8189 11998 2047
8063 12176 2047
7947 12357 2047
7842 12542 2047
7748 12731 2047
7666 12926 2047
7599 13129 2047
7545 13336 2047
7503 13547 2047
7473 13765 2047
7456 13987 2047
7454 14213 2047
7465 14446 2047
7491 14683 2047
7527 14927 2047
7575 15178 2047
7637 15434 2047
7709 15699 2047
7797 15966 2047
7897 16237 2047
8010 16507 2047
8134 16777 2047
8274 17048 2047
8427 17320 2047
8597 17599 2047
8784 17881 2047
8981 18166 2047
9191 18452 2047
9412 18731 2047
9639 19007 2047
9873 19273 2047
10116 19533 2047
10362 19786 2047
10619 20025 2047
10878 20252 2047
11143 20465 2047
11409 20657 2047
11676 20836 2047
11949 20996 2047
12216 21137 2047
12485 21260 2047
12750 21366 2047
13012 21456 2047
13270 21528 2047
13520 21584 2047
13770 21621 2047
14008 21640 2047
14241 21644 2047
14466 21631 2047
14680 21604 2047
14887 21566 2047
15084 21515 2047
15275 21449 2047
15457 21366 2047
15634 21268 2047
15804 21151 2047
15965 21021 2047
16117 20880 2047
16257 20724 2047
16384 20559 2047
16499 20383 2047
16601 20195 2047
16689 19996 2047
16762 19784 2047
16818 19562 2047
16856 19326 2047
16875 19075 2047
16875 18814 2047
16858 18538 2047
16820 18244 2047
16763 17940 2047
16687 17623 2047
16588 17296 2047
16471 16966 2047
16334 16632 2047
16182 16295 2047
16015 15958 2047
15834 15620 2047
15639 15283 2047
15432 14948 2047
15212 14612 2047
14981 14279 2047
14737 13945 2047
14486 13616 2047
14223 13293 2047
13947 12974 2047
13665 12669 2047
13375 12371 2047
13084 12084 2047
12796 11815 2047
12511 11556 2047
12230 11316 2047
11956 11093 2047
11691 10888 2047
11439 10710 2047
11202 10553 2047
10983 10425 2047
10782 10325 2047
10598 10249 2047
10430 10202 2047
10276 10180 2047
10134 10179 2047
10003 10199 2047
9878 10237 2047
9758 10290 2047
9641 10357 2047
9525 10436 2047
9412 10526 2047
9302 10630 2047
9195 10746 2047
9091 10872 2047
8992 11010 2047
8899 11151 2047
8811 11297 2047
8730 11452 2047
8654 11612 2047
8587 11779 2047
8530 11959 2047
8485 12143 2047
8457 12337 2047
8444 12545 2047
8448 12765 2047
8469 13000 2047
8507 13250 2047
8564 13517 2047
8639 13795 2047
8732 14092 2047
8843 14401 2047
8962 14725 2047
9091 15062 2047
9230 15408 2047
9372 15761 2047
9524 16115 2047
9684 16470 2047
9843 16826 2047
10011 17179 2047
10181 17536 2047
10358 17892 2047
10545 18241 2047
10735 18579 2047
10929 18902 2047
11123 19209 2047
11322 19506 2047
11520 19790 2047
11722 20057 2047
11924 20306 2047
12128 20531 2047
12333 20734 2047
12539 20912 2047
12747 21068 2047
12953 21203 2047
13159 21318 2047
13361 21412 2047
13556 21491 2047
13747 21557 2047
13937 21608 2047
14120 21649 2047
14302 21677 2047
14478 21695 2047
14646 21705 2047
14813 21708 2047
14974 21703 2047
15130 21688 2047
15282 21660 2047
15428 21617 2047
15571 21561 2047
15713 21487 2047
15849 21399 2047
15979 21295 2047
16104 21178 2047
16222 21048 2047
16331 20907 2047
16438 20757 2047
16533 20595 2047
16622 20431 2047
16702 20260 2047
16770 20088 2047
16830 19917 2047
16879 19741 2047
16921 19566 2047
16956 19387 2047
16985 19205 2047
17008 19019 2047
17026 18829 2047
17040 18637 2047
17050 18442 2047
17055 18245 2047
17051 18041 2047
17042 17829 2047
17024 17613 2047
16998 17389 2047
16961 17163 2047
16913 16935 2047
16854 16705 2047
16781 16471 2047
16699 16242 2047
16605 16017 2047
16501 15798 2047
16388 15587 2047
16266 15379 2047
16134 15177 2047
15994 14981 2047
15843 14794 2047
15685 14616 2047
15520 14445 2047
15347 14284 2047
15174 14134 2047
14994 13994 2047
14813 13868 2047
14630 13753 2047
14444 13650 2047
14262 13559 2047
14077 13482 2047
13893 13421 2047
13714 13375 2047
13539 13350 2047
13370 13343 2047
13207 13352 2047
13050 13380 2047
12896 13424 2047
12749 13486 2047
12607 13566 2047
12469 13661 2047
12335 13772 2047
12204 13895 2047
12077 14032 2047
11949 14179 2047
11826 14338 2047
11701 14505 2047
11576 14681 2047
11453 14864 2047
11327 15051 2047
11204 15244 2047
11081 15445 2047
10962 15650 2047
10847 15861 2047
10737 16080 2047
10633 16303 2047
10536 16532 2047
10446 16771 2047
10366 17013 2047
10296 17263 2047
10234 17524 2047
10188 17792 2047
10154 18067 2047
10132 18347 2047
10129 18628 2047
10139 18914 2047
10165 19201 2047
10209 19494 2047
10269 19789 2047
10342 20084 2047
10433 20383 2047
10537 20681 2047
10650 20976 2047
10776 21271 2047
10914 21559 2047
11058 21844 2047
11217 22123 2047
11383 22396 2047
11552 22659 2047
11733 22911 2047
11919 23153 2047
12116 23383 2047
12320 23601 2047
12529 23805 2047
12745 23995 2047
12967 24166 2047
13192 24320 2047
13420 24457 2047
13647 24576 2047
13872 24677 2047
14093 24766 2047
14314 24838 2047
14531 24893 2047
14743 24937 2047
14952 24963 2047
15152 24978 2047
15347 24981 2047
15533 24971 2047
15713 24952 2047
15885 24919 2047
16047 24877 2047
16204 24820 2047
16353 24753 2047
16497 24678 2047
16638 24588 2047
16772 24491 2047
16900 24381 2047
17026 24258 2047
17145 24122 2047
17259 23969 2047
17373 23800 2047
17480 23618 2047
17585 23421 2047
17684 23212 2047
17775 22993 2047
17859 22765 2047
17935 22533 2047
18005 22296 2047
18070 22061 2047
18126 21825 2047
18176 21588 2047
18216 21353 2047
18252 21118 2047
18279 20882 2047
18301 20643 2047
18314 20404 2047
18317 20166 2047
18312 19926 2047
18299 19690 2047
18279 19450 2047
18252 19204 2047
18215 18953 2047
18168 18698 2047
18113 18440 2047
18044 18181 2047
17967 17925 2047
17880 17669 2047
17783 17417 2047
17678 17164 2047
17564 16914 2047
17442 16668 2047
17310 16424 2047
17174 16188 2047
17031 15954 2047
16880 15728 2047
16725 15506 2047
16560 15292 2047
16388 15086 2047
16205 14884 2047
16014 14690 2047
15812 14500 2047
15596 14319 2047
15370 14146 2047
15135 13980 2047
14890 13825 2047
14639 13674 2047
14381 13533 2047
14111 13407 2047
13840 13293 2047
13566 13193 2047
13292 13104 2047
13021 13029 2047
12755 12969 2047
12496 12925 2047
12248 12899 2047
12011 12888 2047
11782 12896 2047
11563 12922 2047
11356 12965 2047
11157 13023 2047
10970 13092 2047
10793 13170 2047
10620 13262 2047
10456 13367 2047
10295 13483 2047
10140 13611 2047
9992 13749 2047
9851 13894 2047
9715 14047 2047
9582 14208 2047
9455 14374 2047
9331 14548 2047
9217 14728 2047
9112 14915 2047
9013 15107 2047
8925 15306 2047
8843 15510 2047
8770 15721 2047
8708 15939 2047
8656 16162 2047
8613 16389 2047
8579 16621 2047
8554 16854 2047
8540 17094 2047
8535 17337 2047
8538 17585 2047
8553 17840 2047
8576 18100 2047
8611 18366 2047
8659 18638 2047
8719 18914 2047
8791 19193 2047
8874 19475 2047
8968 19760 2047
9070 20046 2047
9181 20332 2047
9302 20619 2047
9434 20903 2047
9575 21184 2047
9726 21462 2047
9888 21733 2047
10056 21998 2047
10233 22257 2047
10420 22511 2047
10613 22760 2047
10812 23000 2047
11014 23229 2047
11223 23443 2047
11435 23647 2047
11653 23837 2047
11874 24017 2047
12097 24185 2047
12323 24339 2047
12553 24482 2047
12785 24614 2047
13018 24737 2047
13253 24850 2047
13486 24958 2047
13720 25056 2047
13953 25144 2047
14182 25221 2047
14406 25291 2047
14627 25352 2047
14841 25408 2047
15051 25454 2047
15256 25489 2047
15451 25513 2047
15641 25524 2047
15823 25522 2047
15993 25506 2047
16160 25473 2047
16316 25423 2047
16468 25357 2047
16620 25276 2047
16764 25176 2047
16901 25059 2047
17035 24924 2047
17160 24773 2047
17279 24607 2047
17398 24436 2047
17508 24254 2047
17615 24065 2047
17716 23871 2047
17812 23673 2047
17906 23473 2047
17994 23268 2047
18082 23064 2047
18168 22854 2047
18251 22642 2047
18333 22428 2047
18411 22211 2047
18487 21990 2047
18559 21767 2047
18627 21539 2047
18689 21307 2047
18745 21068 2047
18792 20820 2047
18832 20569 2047
18865 20312 2047
18886 20046 2047
18897 19778 2047
18894 19504 2047
18880 19228 2047
18850 18951 2047
18810 18671 2047
18755 18392 2047
18684 18109 2047
18603 17827 2047
18505 17549 2047
18392 17268 2047
18266 16990 2047
18127 16719 2047
17975 16448 2047
17814 16187 2047
17639 15935 2047
17453 15692 2047
17256 15456 2047
17046 15229 2047
16829 15011 2047
16601 14801 2047
16364 14602 2047
16123 14413 2047
15873 14239 2047
15617 14078 2047
15355 13932 2047
15088 13802 2047
14818 13681 2047
14546 13572 2047
14273 13478 2047
13993 13395 2047
13710 13328 2047
13427 13279 2047
13145 13244 2047
12870 13226 2047
12597 13223 2047
12329 13235 2047
12064 13261 2047
11803 13304 2047
11549 13362 2047
11296 13435 2047
11052 13523 2047
10816 13625 2047
10586 13743 2047
10365 13873 2047
10153 14021 2047
9946 14181 2047
9753 14352 2047
9569 14535 2047
9391 14723 2047
9225 14926 2047
9065 15140 2047
8917 15364 2047
8781 15601 2047
8656 15845 2047
8550 16096 2047
8456 16353 2047
8377 16613 2047
8315 16880 2047
8272 17152 2047
8244 17430 2047
8233 17713 2047
8238 17996 2047
8255 18282 2047
8290 18566 2047
8341 18852 2047
8411 19136 2047
8496 19420 2047
8597 19704 2047
8719 19985 2047
8851 20269 2047
8999 20550 2047
9159 20829 2047
9323 21107 2047
9503 21379 2047
9691 21648 2047
9886 21912 2047
10093 22170 2047
10309 22427 2047
10533 22676 2047
10766 22918 2047
11004 23148 2047
11247 23363 2047
11500 23561 2047
11754 23743 2047
12015 23908 2047
12271 24059 2047
12528 24194 2047
12785 24313 2047
13041 24418 2047
13295 24507 2047
13546 24579 2047
13794 24640 2047
14034 24686 2047
14272 24719 2047
14502 24744 2047
14727 24755 2047
14946 24759 2047
15159 24751 2047
15366 24734 2047
15566 24709 2047
15762 24672 2047
15949 24623 2047
16132 24558 2047
16310 24480 2047
16487 24390 2047
16661 24288 2047
16830 24169 2047
16996 24033 2047
17154 23881 2047
17309 23713 2047
17464 23541 2047
17610 23356 2047
17747 23164 2047
17875 22965 2047
17996 22759 2047
18109 22549 2047
18218 22334 2047
18319 22113 2047
18412 21887 2047
18497 21652 2047
18574 21408 2047
18644 21158 2047
18701 20893 2047
18751 20620 2047
18792 20337 2047
18819 20041 2047
18841 19740 2047
18849 19435 2047
18846 19124 2047
18832 18813 2047
18807 18504 2047
18772 18194 2047
18726 17886 2047
18668 17582 2047
18596 17274 2047
18512 16965 2047
18413 16659 2047
18299 16348 2047
18170 16038 2047
18027 15732 2047
17867 15418 2047
17693 15110 2047
17505 14807 2047
17299 14507 2047
17077 14220 2047
16842 13941 2047
16592 13670 2047
16332 13412 2047
16067 13164 2047
15785 12927 2047
15494 12704 2047
15193 12499 2047
14882 12310 2047
14566 12141 2047
14248 11992 2047
13926 11861 2047
13606 11755 2047
13291 11672 2047
12979 11613 2047
12679 11581 2047
12388 11574 2047
12111 11596 2047
11849 11643 2047
11603 11720 2047
11377 11825 2047
11169 11959 2047
10981 12123 2047
10810 12313 2047
10658 12535 2047
10524 12787 2047
10404 13073 2047
10301 13389 2047
10208 13732 2047
10125 14097 2047
10052 14482 2047
9987 14884 2047
9935 15298 2047
9892 15725 2047
9865 16154 2047
9857 16589 2047
9869 17024 2047
9912 17459 2047
9987 17895 2047
10095 18325 2047
10240 18749 2047
10423 19161 2047
10638 19558 2047
10882 19935 2047
11155 20287 2047
11450 20609 2047
11761 20897 2047
12089 21148 2047
12425 21363 2047
12767 21545 2047
13108 21692 2047
13445 21803 2047
13782 21879 2047
14109 21922 2047
14430 21931 2047
14744 21908 2047
15042 21856 2047
15328 21778 2047
15604 21678 2047
15856 21553 2047
16095 21409 2047
16317 21242 2047
16519 21051 2047
16703 20838 2047
16859 20597 2047
16990 20327 2047
17088 20023 2047
17155 19687 2047
17187 19319 2047
17178 18922 2047
17129 18499 2047
17036 18057 2047
16898 17598 2047
16715 17133 2047
16490 16668 2047
16225 16208 2047
15924 15758 2047
15591 15323 2047
15232 14908 2047
14850 14522 2047
14454 14168 2047
14047 13850 2047
13639 13575 2047
13230 13343 2047
12828 13154 2047
12435 13016 2047
12051 12924 2047
11687 12881 2047
11340 12889 2047
11021 12942 2047
10732 13040 2047
10469 13187 2047
10239 13378 2047
10038 13611 2047
9870 13887 2047
9727 14191 2047
9609 14522 2047
9514 14875 2047
9437 15240 2047
9381 15615 2047
9348 15998 2047
9337 16382 2047
9350 16760 2047
9397 17138 2047
9476 17511 2047
9591 17884 2047
9744 18258 2047
9935 18629 2047
10169 18996 2047
10440 19354 2047
10752 19704 2047
11099 20040 2047
11471 20357 2047
11870 20648 2047
12280 20906 2047
12700 21129 2047
13125 21312 2047
13550 21456 2047
13974 21560 2047
14389 21626 2047
14795 21656 2047
15185 21659 2047
15560 21637 2047
15914 21594 2047
16251 21530 2047
16560 21445 2047
16840 21340 2047
17087 21217 2047
17292 21072 2047
17458 20906 2047
17576 20711 2047
17643 20489 2047
17657 20242 2047
17614 19963 2047
17518 19657 2047
17367 19326 2047
17158 18963 2047
16898 18580 2047
16583 18176 2047
16219 17756 2047
15810 17332 2047
15357 16911 2047
14868 16504 2047
14356 16122 2047
13834 15776 2047
13309 15475 2047
12802 15231 2047
12318 15046 2047
11870 14925 2047
11467 14868 2047
11108 14870 2047
10797 14929 2047
10526 15043 2047
10295 15206 2047
10104 15412 2047
9942 15650 2047
9814 15912 2047
9718 16189 2047
9656 16478 2047
9634 16777 2047
9658 17086 2047
9733 17411 2047
9862 17751 2047
10053 18106 2047
10308 18471 2047
10625 18844 2047
11004 19215 2047
11431 19587 2047
11894 19952 2047
12386 20304 2047
12893 20636 2047
13412 20939 2047
13922 21208 2047
14423 21434 2047
14898 21613 2047
15344 21740 2047
15758 21812 2047
16134 21830 2047
16474 21797 2047
16770 21717 2047
17024 21590 2047
17234 21424 2047
17394 21216 2047
17506 20970 2047
17571 20686 2047
17582 20365 2047
17541 20005 2047
17445 19607 2047
17291 19178 2047
17080 18725 2047
16809 18252 2047
16479 17771 2047
16100 17290 2047
15672 16816 2047
15216 16369 2047
14740 15951 2047
14247 15570 2047
13758 15234 2047
13273 14941 2047
12804 14700 2047
12367 14515 2047
11969 14386 2047
11616 14316 2047
11309 14299 2047
11057 14340 2047
10853 14435 2047
10698 14573 2047
10592 14754 2047
10528 14969 2047
10510 15208 2047
10539 15466 2047
10612 15737 2047
10731 16013 2047
10898 16292 2047
11117 16572 2047
11380 16849 2047
11686 17121 2047
12029 17388 2047
12391 17642 2047
12776 17879 2047
13162 18091 2047
13546 18273 2047
13914 18425 2047
14258 18541 2047
14582 18619 2047
14870 18651 2047
15130 18635 2047
15355 18570 2047
15538 18451 2047
15684 18284 2047
15778 18063 2047
15822 17792 2047
15811 17475 2047
15740 17117 2047
15612 16726 2047
15428 16312 2047
15194 15883 2047
14904 15442 2047
14570 14995 2047
14189 14556 2047
13773 14133 2047
13332 13743 2047
12885 13398 2047
12445 13103 2047
12022 12867 2047
11635 12700 2047
11285 12605 2047
10981 12578 2047
10724 12620 2047
10515 12718 2047
10353 12876 2047
10238 13091 2047
10168 13359 2047
10142 13676 2047
10152 14035 2047
10199 14427 2047
10276 14845 2047
10378 15287 2047
10503 15743 2047
10641 16212 2047
10794 16684 2047
10961 17159 2047
11143 17633 2047
11341 18101 2047
11555 18561 2047
11783 19000 2047
12027 19416 2047
12284 19800 2047
12546 20145 2047
12820 20448 2047
13096 20703 2047
13379 20911 2047
13669 21073 2047
13957 21187 2047
14243 21251 2047
14521 21265 2047
14790 21230 2047
15045 21150 2047
15281 21023 2047
15493 20847 2047
15672 20625 2047
15814 20357 2047
15913 20051 2047
15968 19714 2047
15976 19351 2047
15936 18956 2047
15843 18537 2047
15700 18100 2047
15507 17647 2047
15268 17196 2047
14990 16747 2047
14670 16315 2047
14328 15905 2047
13961 15522 2047
13583 15173 2047
13203 14868 2047
12824 14610 2047
12459 14406 2047
12110 14261 2047
11782 14168 2047
11476 14129 2047
11193 14141 2047
10935 14203 2047
10703 14309 2047
10503 14457 2047
10337 14650 2047
10212 14883 2047
10130 15159 2047
10094 15473 2047
10102 15820 2047
10155 16197 2047
10247 16600 2047
10378 17027 2047
10543 17474 2047
10739 17938 2047
10957 18406 2047
11195 18869 2047
11444 19313 2047
11698 19724 2047
11961 20097 2047
12223 20427 2047
12494 20713 2047
12777 20953 2047
13068 21151 2047
13374 21309 2047
13698 21433 2047
14032 21529 2047
14378 21595 2047
14733 21635 2047
15084 21648 2047
15428 21633 2047
15752 21584 2047
16048 21500 2047
16315 21376 2047
16547 21210 2047
16742 20998 2047
16886 20737 2047
16975 20428 2047
17005 20076 2047
16974 19687 2047
16891 19270 2047
16747 18829 2047
16542 18369 2047
16283 17901 2047
15965 17437 2047
15606 16984 2047
15204 16552 2047
14771 16148 2047
14316 15778 2047
13845 15445 2047
13369 15159 2047
12894 14919 2047
12431 14732 2047
11986 14598 2047
11565 14513 2047
11165 14479 2047
10799 14489 2047
10461 14546 2047
10158 14648 2047
9892 14789 2047
9656 14971 2047
9448 15192 2047
9270 15446 2047
9119 15735 2047
8998 16053 2047
8909 16396 2047
8848 16759 2047
8820 17137 2047
8826 17533 2047
8870 17941 2047
8956 18360 2047
9089 18780 2047
9267 19196 2047
9497 19603 2047
9780 19999 2047
10120 20385 2047
10515 20758 2047
10960 21115 2047
11446 21456 2047
11963 21778 2047
12504 22074 2047
13054 22346 2047
13614 22591 2047
14174 22810 2047
14722 23005 2047
15259 23172 2047
15771 23307 2047
16257 23405 2047
16715 23462 2047
17142 23475 2047
17531 23447 2047
17875 23372 2047
18177 23247 2047
18424 23071 2047
18618 22842 2047
18752 22560 2047
18822 22232 2047
18832 21856 2047
18783 21437 2047
18677 20977 2047
18514 20481 2047
18293 19954 2047
18018 19408 2047
17691 18857 2047
17319 18303 2047
16899 17756 2047
16446 17227 2047
15959 16721 2047
15448 16255 2047
14925 15844 2047
14389 15485 2047
13859 15195 2047
13338 14972 2047
12842 14820 2047
12378 14746 2047
11959 14744 2047
11588 14814 2047
11271 14950 2047
11006 15148 2047
10792 15402 2047
10628 15706 2047
10505 16050 2047
10420 16422 2047
10366 16820 2047
10334 17235 2047
10326 17667 2047
10338 18112 2047
10368 18561 2047
10421 19010 2047
10503 19457 2047
10610 19899 2047
10752 20334 2047
10928 20759 2047
11142 21165 2047
11401 21549 2047
11698 21901 2047
12039 22219 2047
12409 22493 2047
12810 22721 2047
13228 22898 2047
13661 23023 2047
14101 23096 2047
14546 23123 2047
14993 23105 2047
15430 23048 2047
15855 22955 2047
16261 22824 2047
16641 22659 2047
16988 22452 2047
17299 22210 2047
17554 21938 2047
17750 21638 2047
17887 21323 2047
17961 20993 2047
17977 20650 2047
17937 20295 2047
17833 19927 2047
17666 19551 2047
17432 19170 2047
17139 18793 2047
16788 18429 2047
16387 18083 2047
15947 17767 2047
15475 17486 2047
14980 17246 2047
14476 17057 2047
13972 16921 2047
13477 16840 2047
12995 16818 2047
12533 16853 2047
12093 16941 2047
11680 17077 2047
11302 17262 2047
10957 17484 2047
10651 17744 2047
10381 18036 2047
10153 18354 2047
9967 18692 2047
9828 19041 2047
9736 19392 2047
9697 19738 2047
9708 20076 2047
9777 20404 2047
9906 20716 2047
10093 21012 2047
10346 21290 2047
10660 21547 2047
11031 21788 2047
11451 22012 2047
11911 22221 2047
12407 22410 2047
12919 22579 2047
13449 22725 2047
13976 22844 2047
14491 22935 2047
14992 22993 2047
15465 23015 2047
15908 22997 2047
16312 22939 2047
16670 22838 2047
16978 22695 2047
17229 22510 2047
17420 22288 2047
17547 22026 2047
17602 21721 2047
17582 21375 2047
17480 20988 2047
17300 20568 2047
17046 20124 2047
16720 19667 2047
16326 19203 2047
15864 18739 2047
15346 18291 2047
14784 17870 2047
14189 17496 2047
13588 17180 2047
13000 16937 2047
12441 16772 2047
11937 16690 2047
11497 16693 2047
11128 16772 2047
10834 16925 2047
10610 17144 2047
10456 17422 2047
10371 17755 2047
10344 18133 2047
10368 18541 2047
10440 18966 2047
10542 19392 2047
10679 19811 2047
10852 20225 2047
11063 20630 2047
11322 21026 2047
11629 21411 2047
11986 21781 2047
12385 22137 2047
12818 22474 2047
13276 22788 2047
13747 23079 2047
14232 23335 2047
14709 23550 2047
15170 23720 2047
15610 23834 2047
16014 23887 2047
16391 23875 2047
16727 23791 2047
17018 23630 2047
17255 23386 2047
17429 23060 2047
17532 22655 2047
17557 22176 2047
17503 21645 2047
17362 21069 2047
17141 20460 2047
16839 19842 2047
16462 19223 2047
16022 18620 2047
15536 18058 2047
15016 17544 2047
14486 17098 2047
13966 16732 2047
13467 16450 2047
13013 16254 2047
12608 16146 2047
12261 16121 2047
11971 16174 2047
11731 16299 2047
11539 16490 2047
11388 16745 2047
11275 17057 2047
11201 17424 2047
11164 17840 2047
11158 18295 2047
11188 18784 2047
11251 19294 2047
11344 19818 2047
11474 20347 2047
11637 20871 2047
11837 21388 2047
12080 21887 2047
12367 22362 2047
12702 22804 2047
13080 23207 2047
13502 23564 2047
13961 23873 2047
14453 24132 2047
14973 24336 2047
15515 24484 2047
16074 24572 2047
16633 24596 2047
17188 24552 2047
17725 24441 2047
18226 24255 2047
18690 23995 2047
19106 23667 2047
19460 23274 2047
19753 22828 2047
19975 22350 2047
20123 21839 2047
20196 21305 2047
20191 20760 2047
20108 20204 2047
19951 19660 2047
19725 19136 2047
19438 18645 2047
19102 18203 2047
18731 17819 2047
18335 17511 2047
17932 17280 2047
17529 17133 2047
17138 17065 2011
16764 17075 1763
16408 17163 1536
16080 17315 1285
15770 17530 1244
15473 17800 1363
15187 18116 1554
14895 18472 1876
14594 18861 2047
14290 19272 2047
13981 19699 2047
13674 20132 2047
13379 20563 2047
13103 20982 2047
12855 21380 2047
12645 21759 2047
12476 22109 2047
12356 22433 2047
12287 22731 2047
12273 22994 2047
12315 23226 2047
12412 23419 2047
12566 23564 2047
12777 23658 2047
13047 23692 2047
13376 23654 2047
13759 23547 2047
14178 23365 1824
14630 23112 1559
15100 22798 1449
15570 22427 1500
16032 22015 1706
16476 21562 1989
16888 21071 2047
17269 20551 2047
17604 19997 2047
17872 19423 2047
18068 18842 2047
18175 18261 2047
18197 17692 2047
18134 17147 2047
17987 16637 2047
17779 16177 2047
17526 15784 2047
17247 15462 2047
16968 15224 2047
16699 15076 2047
16454 15018 2047
16237 15057 2047
16051 15191 2047
15893 15413 2047
15760 15716 2047
15649 16088 2047
15544 16519 2047
15444 16999 2047
15339 17518 2047
15221 18067 2047
15093 18641 2047
14950 19231 2047
14795 19834 2047
14631 20442 2047
14457 21043 2047
14283 21631 2047
14115 22198 2047
13960 22735 2047
13829 23238 2047
13724 23694 2047
13653 24102 2047
13624 24458 2047
13636 24762 2047
13691 25009 2047
13785 25192 2047
13913 25307 2047
14070 25348 2047
14255 25319 2047
14464 25221 2047
14695 25051 2047
14942 24815 2047
15197 24515 2047
15451 24159 2047
15688 23753 2047
15901 23300 2047
16079 22809 2047
16216 22291 2047
16305 21750 2047
16344 21197 2047
16334 20644 2047
16269 20090 2047
16146 19547 2047
15969 19022 2047
15730 18517 2047
15441 18043 2047
15107 17604 2047
14727 17202 2047
14320 16843 2047
13883 16525 2047
13432 16257 2047
12984 16042 2047
12536 15884 2047
12100 15788 2047
11687 15754 2047
11296 15781 2047
10941 15872 2047
10628 16022 2047
10354 16234 2047
10128 16502 2047
9947 16824 2047
9808 17200 2047
9699 17615 2047
9618 18064 2047
9560 18538 2047
9522 19022 2047
9513 19512 2047
9533 19999 2047
9589 20472 2047
9686 20925 2047
9833 21353 2047
10036 21753 2047
10307 22129 2047
10648 22484 2047
11061 22819 2047
11544 23135 2047
12077 23426 2047
12661 23692 2047
13283 23931 2047
13922 24132 2047
14575 24292 2047
15218 24403 2047
15845 24458 2047
16443 24461 2047
17004 24413 2047
17518 24313 2047
17978 24163 2047
18380 23970 2047
18714 23737 2047
18979 23467 2047
19167 23170 2047
19280 22845 2047
19317 22496 2047
19274 22128 2047
19147 21739 2047
18932 21328 2047
18633 20901 2047
18248 20464 2047
17792 20022 2047
17274 19585 2047
16701 19162 2047
16084 18760 2047
15433 18389 2047
14764 18059 2047
14085 17776 2047
13409 17547 2047
12747 17378 2047
12108 17269 2047
11503 17222 2047
10952 17239 2047
10459 17319 2047
10036 17456 2047
9689 17646 2047
9418 17880 2047
9227 18152 2047
9111 18453 2047
9070 18776 2047
9110 19114 2047
9226 19459 2047
9428 19811 2047
9712 20165 2047
10079 20515 2047
10524 20860 2047
11043 21193 2047
11631 21517 2047
12276 21834 2047
12970 22142 2047
13684 22442 2047
14419 22732 2047
15155 23007 2047
15880 23261 2047
16593 23483 2047
17259 23664 2047
17879 23795 2047
18434 23870 2047
18925 23885 2047
19347 23839 2047
19692 23733 2047
19970 23570 2047
20168 23352 2047
20295 23080 2047
20350 22755 2047
20332 22380 2047
20238 21958 2047
20072 21495 2047
19829 20996 2047
19516 20465 2047
19141 19915 2047
18706 19351 2047
18229 18793 2047
17703 18246 2047
17140 17720 2047
16554 17230 2047
15944 16780 2047
15333 16379 2047
14722 16031 2047
14119 15738 2047
13517 15502 2047
12931 15328 2047
12365 15215 2047
11822 15164 2047
11318 15174 2047
10846 15243 2047
10415 15364 2047
10023 15536 2047
9672 15751 2047
9364 16007 2047
9100 16300 2047
8879 16625 2047
8707 16983 2047
8584 17369 2047
8511 17786 2047
8487 18228 2047
8509 18691 2047
8569 19174 2047
8669 19676 2047
8802 20190 2047
8961 20706 2047
9149 21221 2047
9360 21720 2047
9596 22203 2047
9858 22668 2047
10151 23109 2047
10475 23524 2047
10832 23914 2047
11234 24280 2047
11673 24619 2047
12150 24933 2047
12668 25218 2047
13218 25466 2047
13789 25677 2047
14374 25847 2047
14966 25971 2047
15540 26047 2047
16098 26067 2047
16623 26030 2047
17105 25935 2047
17546 25785 2047
17936 25581 2047
18283 25326 2047
18586 25025 2047
18842 24679 2047
19055 24291 2047
19225 23864 2047
19345 23392 2047
19416 22886 2047
19437 22357 2047
19401 21814 2047
19313 21266 2047
19178 20720 2047
18990 20172 2047
18758 19634 2047
18479 19114 2047
18160 18612 2047
17803 18145 2047
17405 17709 2047
16985 17312 2047
16537 16966 2047
16078 16671 2047
15622 16437 2047
15163 16271 2047
14721 16174 2047
14295 16147 2047
13892 16194 2047
13526 16308 2047
13192 16481 2047
12901 16706 2047
12649 16981 2047
12438 17304 2047
12265 17669 2047
12129 18079 2047
12032 18524 2047
11970 19002 2047
11947 19513 2047
11956 20047 2047
11996 20600 2047
12066 21164 2047
12163 21730 2047
12288 22289 2047
12437 22830 2047
12613 23342 2047
12817 23823 2047
13058 24266 2047
13343 24676 2047
13674 25052 2047
14044 25388 2047
14452 25688 2047
14886 25944 2047
15341 26152 2047
15804 26303 2047
16266 26391 2047
16708 26412 2047
17115 26354 2047
17475 26222 2047
17768 26006 2047
17993 25707 2047
18138 25325 2047
18200 24856 2047
18174 24314 2047
18055 23698 2047
17844 23031 2047
17540 22328 2047
17143 21600 2047
16670 20882 2047
16118 20181 2047
15508 19522 2047
14867 18925 2047
14197 18394 2047
13542 17942 2047
12913 17571 2047
12309 17277 2047
11755 17063 2047
11241 16927 2047
10783 16865 2047
10393 16875 2047
10068 16953 2047
9816 17094 2047
9634 17296 2047
9520 17555 2047
9473 17864 2047
9486 18221 2047
9555 18619 2047
9672 19049 2047
9832 19506 2047
10031 19988 2047
10275 20489 2047
10565 21004 2047
10902 21529 2047
11293 22060 2047
11734 22589 2047
12227 23115 2047
12776 23638 2047
13377 24156 2047
14023 24674 2047
14702 25187 2047
15407 25690 2047
16130 26174 2047
16849 26623 2047
17557 27021 2047
18220 27355 2047
18825 27603 2047
19359 27753 2047
19813 27795 2047
20183 27720 2047
20468 27536 2047
20671 27243 2047
20773 26844 2047
20773 26347 2047
20666 25760 2047
20452 25100 2047
20146 24394 2047
19758 23651 2047
19285 22890 2047
18749 22127 2047
18154 21369 2047
17507 20632 2047
16829 19930 2047
16099 19264 2047
15352 18643 2047
14581 18083 2047
13790 17586 2047
13013 17166 2047
12242 16826 2047
11509 16563 2047
10817 16379 2047
10180 16269 2047
9598 16234 2047
9085 16268 2047
8647 16370 2047
8284 16535 2047
8005 16761 2047
7807 17044 2047
7690 17382 2047
7648 17775 2047
7669 18217 2047
7749 18703 2047
7872 19225 2047
8023 19776 2047
8201 20353 2047
8388 20951 2047
8589 21567 2047
8797 22196 2047
9011 22836 2047
9230 23482 2047
9453 24127 2047
9684 24766 2047
9916 25381 2047
10147 25965 2047
10374 26506 2047
10586 26994 2047
10783 27427 2047
10961 27800 2047
11113 28095 2047
11240 28310 2047
11334 28444 2047
11396 28502 2047
11432 28503 2047
11449 28449 2047
11461 28338 2047
11472 28164 2047
11475 27921 2047
11464 27608 2047
11428 27228 2047
11364 26788 2047
11271 26288 2047
11142 25731 2047
10987 25133 2047
10800 24496 2047
10588 23833 2047
10355 23157 2047
10111 22472 2047
9863 21783 2047
9622 21095 1282
9393 20414 0
9186 19754 0
9016 19116 0
8893 18512 0
8844 17947 0
8833 17532 0
8846 17267 0
8866 17140 0
8866 17140 0
8866 17140 0
8866 